,0,1
0,-35.86981864763371,37.017756023423914
1,-35.344729734215,37.70178102886589
2,-34.3666730099482,37.585362764009574
3,-37.09176570838501,39.15268375318471
4,-34.022058859788395,37.91019990514449
5,-34.732326854207706,38.558211359671894
6,-34.68531254164279,37.862754849842844
7,-35.23092449972955,37.428941984204876
8,-37.172130541159305,39.10935619085795
9,-33.84881652005605,38.230148148050255
10,-33.716020096822135,37.26794066405164
11,-36.90687892530869,38.770802729388656
12,-34.40545270641933,38.19155730156237
13,-34.42815336150781,38.28996391331963
14,-37.37657688336762,39.49677900414134
15,-33.54254982043577,38.00252077744578
16,-36.9421823126507,38.74962262453801
17,-34.99155583674202,38.23391546914163
18,-35.75598162935006,38.5374194429943
19,-69.357113649962,5.349485288505876
20,-35.39115669782121,37.49055333067772
21,-37.342128046490835,39.41990971584956
22,-34.98260593969155,37.302028059091874
23,-36.70624087712391,38.73344031460839
24,-35.002504855062824,37.417321604173424
25,-36.67345872415996,38.57489574566739
26,-35.20188569913164,37.42201019947353
27,-37.40948064164353,39.44179246276153
28,-35.42488028654353,37.68673039390033
29,-35.49202500948466,37.56128600622017
30,-37.384446295475634,39.27975155196618
31,-34.83670427690615,37.48753094612388
32,-35.20205096489471,37.778883795563786
33,-34.18124141468663,37.665120226461895
34,-36.870588269797544,38.72587472063488
35,-35.25231368479252,38.55195994711717
36,-35.3424155179436,37.516879727937436
37,-36.347594440923345,38.66452888018987
38,-34.54543050557626,36.55722635369972
39,-36.965485065575315,38.96061446688243
40,-35.189002835060684,37.842142723528916
41,-37.68462608723902,39.88435713012203
42,-33.63438090910155,37.50309303032165
43,-36.55226390683052,38.62872962413353
44,-34.151433368988506,37.602325667043054
45,-34.37890292973624,38.24722727956242
46,-37.72885395320694,38.12981510090162
47,-37.87367839711838,38.54515694824848
48,-37.376154013589215,39.35029931864245
49,-37.153085315001995,39.03735655509677
50,-37.48972890962859,39.4288173706175
51,-36.5743378920653,38.482069297477516
52,-34.041881002919595,33.3944906088232
53,-33.391364073278105,33.357472601873155
54,-31.822998209970756,37.50220891942089
55,-34.298966950324285,33.4723360607009
56,-33.06411474953601,38.177136453044
57,-34.56636726537412,35.08687759807943
58,-32.366119594064045,37.14149765110176
59,-34.4523249116239,33.31563525803235
60,-32.24694900292202,37.64676249968663
61,-34.41042284445789,35.18078252153349
62,-32.230353282312905,37.51966203999202
63,-32.992087556932375,38.41994977227836
64,-31.423830686322958,37.27539830951465
65,-34.461578268427985,34.90449037404031
66,-33.14975999532397,36.76575213794926
67,-34.17609165937504,33.52520407123142
68,-31.6595525206836,37.40160616536477
69,-34.37381743963151,33.91154811127312
70,-33.00202524285216,36.5256915790233
71,-36.90671875914259,34.041699586815774
72,-41.57217307258093,-12.426935325288184
73,-37.296575417880035,33.787382883206696
74,-33.54764181372419,35.632951997824144
75,-36.69657328783648,34.38774963819292
76,-36.5567230215101,34.69301223029952
77,-41.30260602348415,-12.805924960914169
78,-34.0257304674067,35.520568443893666
79,-31.57815205118414,37.34643083299169
80,-36.64303534328473,34.57984596772548
81,-31.851253320067308,37.38934949942437
82,-33.22633452009981,35.09540998172635
83,-32.463810467678634,36.957590636344506
84,-34.111693336877394,32.8704678388927
85,-32.12230904769489,37.727903443479576
86,-34.51770309051645,34.73191971948536
87,-32.77898057081216,36.75641276496015
88,-34.37645012564246,33.34983683097994
89,-31.76353529886666,37.689772246647905
90,-33.988475169992036,31.861594598255238
91,-32.101439276967795,37.381243751499824
92,-34.92064690793546,36.77445730096506
93,-34.36285534243677,34.92124872743583
94,-32.123503159536355,37.45618994725822
95,-34.57942597222925,33.24947217526415
96,-32.99579497789145,37.01774757190355
97,-33.50235923501188,37.154849325157244
98,-33.23080307133033,33.82437011289426
99,-33.79895445067997,36.27599560598106
100,-33.46990707364148,36.51470464358016
101,-32.893287529840464,34.196523616257956
102,-34.24199398170806,36.64724929523783
103,-32.34400366115296,37.742774639455405
104,-33.17052018922164,35.06219134117319
105,-33.26345595794764,37.12532463447679
106,-32.6269391072261,32.241234825646345
107,-33.09207839539989,31.877116879804362
108,-32.91988457611863,31.596795893541678
109,-32.45482883573898,32.337707441858974
110,-32.982378058170795,32.11999613506594
111,-33.184923948144814,31.665548518349176
112,-33.3290154222322,31.640166147667315
113,-33.00928250020731,31.911761067034917
114,-33.183320481933144,31.878237702355445
115,-33.387651484416836,31.82044720229783
116,-33.36139088214462,32.23374847593219
117,-33.15129249917243,31.86538594331473
118,-33.3313807309041,32.40868519100384
119,-32.69355573748399,32.55569812938141
120,-33.26947470438989,32.117160243004584
121,-33.134954836927996,31.623508413570733
122,-33.03892819443647,31.377653663166395
123,-32.68587053485517,32.40687615473495
124,-33.27030571047636,32.29334565212747
125,-32.6404568398,32.643505680201116
126,-32.140875760690705,32.412100502449555
127,-32.72902904978645,33.03338856244017
128,-33.728388905191416,28.278851369379083
129,-33.77742906549032,26.88412727366425
130,-33.83799779166004,19.330425030357194
131,-33.272828883117825,19.646368520602596
132,-35.21669062374369,24.908634313841727
133,-34.141436528013784,26.12493110378448
134,-33.188197496011206,19.540119412272738
135,-36.04847545263997,23.505163861568995
136,-34.78142583027574,24.63187557271228
137,-40.094581517746484,22.007413413109532
138,-33.256539967094476,19.563282117175802
139,-35.78977069475222,23.43026891656507
140,-33.23668578950272,19.56100064398361
141,-35.148667107407725,25.675136609731425
142,-35.353956751162904,25.124313365396887
143,-33.18653581112536,19.552802562103484
144,-35.48681798929258,25.48667422520492
145,-35.618011375793884,23.533473565755052
146,-34.930359964984014,24.484493569468675
147,-34.52125593312413,25.300985648498038
148,-40.00065190572897,21.784018282442762
149,-36.18563226013439,22.79402831582043
150,-35.824716485525684,23.537877033998015
151,-33.1278872651024,28.813556631399596
152,-38.10164824444041,21.334706767072422
153,-35.41469739280063,24.08969550535375
154,-38.24663203489792,21.19904211172378
155,-32.72665682885798,27.93668690630658
156,-33.23521427579706,19.680627106277115
157,-35.60605273130791,23.158420217024954
158,-39.871055976880335,21.68943296950323
159,-32.88390492093704,27.666357722153656
160,-38.252680685755784,21.250190505864477
161,-35.51831723406451,23.641427218500088
162,-35.0877773769413,24.5435082781441
163,-35.66087945558978,23.03024588734855
164,-37.08731827210842,21.68632455119427
165,-34.75283085897709,25.037721007546132
166,-40.08276688564021,21.786611331421273
167,-39.855562345587,21.68207849833
168,-35.58129891466816,23.710727705178524
169,-34.072406571755316,19.254619623634966
170,-32.80912602181605,27.729785137836007
171,-33.164051603767405,29.22138031264648
172,-38.170880277128504,21.222253247832718
173,-34.07805001948464,26.432981168597962
174,-35.49051583125138,23.87390784819769
175,-35.70648219585782,23.80178354883831
176,-34.43843754417028,25.39350065102816
177,-36.00262647077299,23.187765664601873
178,-35.10786515500397,24.182394972870934
179,-35.55803088132124,23.150140165022748
180,-36.96460870224384,21.769060415350932
181,-34.30839887058408,25.589340790620685
182,-37.810687519314044,21.982333125273705
183,-34.2421195744327,25.591543255905176
184,-35.67875512249272,23.16668835689523
185,-33.11493754220148,26.856208668943363
186,-37.562326978335335,22.024063513937243
187,-32.23136370513377,27.73253183636252
188,-32.58054041864982,27.897138664016612
189,-33.974709109379184,25.75449203447456
190,-37.535366086805396,22.15334209583707
191,-32.88828513522943,28.123293163440938
192,-37.95215137311239,22.355579341744722
193,-32.93560190797909,27.899405897886332
194,-36.069002540822034,22.936564113502484
195,-32.70533550091308,27.777707437474987
196,-35.18536156630499,24.304201820617706
197,-34.24127017438949,25.672243574135337
198,-31.85628551902503,27.482037662826507
199,-35.0273124696083,24.58013412746136
200,-32.64074936558716,28.062006150385972
201,-33.063323889619376,27.827788979920484
202,-33.22742569598984,27.73159241832896
203,-34.43996990157908,25.61332027360698
204,-34.624955189008475,24.92834160599177
205,-33.42535028913371,28.048466658659244
206,-33.154043603699144,28.229982205348545
207,-32.80252277452104,28.44981518934331
208,-34.46786045105236,25.60759989112085
209,-33.29569420205605,28.37920525060467
210,-33.27984257258586,27.86627216770721
211,-38.04845998423425,22.843374052574134
212,-33.241498113824534,28.17942359145861
213,-33.995033095001915,26.514621054173002
214,-32.681062433015995,28.076463791084855
215,-32.577786217894406,28.614562558084394
216,-29.1696599597353,36.66033129852996
217,-28.899805376815667,36.54551853681261
218,-29.111589425724087,37.91771871662861
219,-28.885491741050707,37.327464785299796
220,-29.050518196942317,37.27494723540311
221,-28.930179555644408,37.85414433679146
222,-28.790655129284957,37.39276135736879
223,-29.278178739606673,37.188583291257565
224,-29.210712141679387,37.35082514425732
225,-29.310207529428517,37.36627292848902
226,-28.740145272206583,37.24931547433834
227,-29.29791069742775,37.41901039068032
228,-29.598984888323347,36.99281696964761
229,-28.739649572697,37.889088391758236
230,-28.53560520931038,37.35084682318796
231,-28.905496756810248,37.64229534495744
232,-28.94320077393122,37.230344974797596
233,-28.530433250328215,37.17369924478083
234,-28.935505970014898,37.19680870893319
235,-28.60755166958049,37.304576969166625
236,-28.684248782311016,37.475206644987644
237,-28.871540206898562,37.46136033191833
238,-29.252751314441003,37.423474965693934
239,-29.561317484636465,36.824252238006615
240,-31.706116541001386,33.058086035971975
241,-38.08049162785911,20.247144280285056
242,-31.37440547471945,33.68860320176525
243,-38.43983213155422,20.37450364174202
244,-37.4785648184707,24.034889186539257
245,-36.818511551753815,22.50453128378056
246,-37.712339221153535,21.008048008486856
247,-37.19726995117217,23.68970014016437
248,-38.617758729220185,20.542014368572595
249,-37.61644531533057,21.04797732939269
250,-37.02456346583658,23.299336475365077
251,-38.33852584319319,20.186399419764467
252,-30.171783460019967,36.963362945888704
253,-37.25510003810223,21.2978092595896
254,-36.82534900694113,21.926891856851352
255,-38.478839179169505,20.38969143975859
256,-31.042931141951552,36.293791652148236
257,-37.08214089013258,23.529512119360128
258,-38.345637210165066,20.751308515077017
259,-39.97686513240797,21.64850884176072
260,-37.1894479056585,21.308544322279406
261,-29.78871900313338,35.410548502038274
262,-38.12649858760416,20.312238112750496
263,-31.863424036614475,32.688332560159196
264,-38.04137422529026,20.60179648360812
265,-37.200672629259664,23.56212674889574
266,-36.95170063155672,21.761188638844313
267,-37.461266531020556,21.080720523648587
268,-31.436874518166857,33.24826714097489
269,-37.414908958213346,20.964193330126307
270,-31.578660870495455,32.99046337937082
271,-37.03480138585344,21.27188477860814
272,-37.451360287604416,24.285234835327067
273,-37.296033218564986,21.037342206273163
274,-37.35804363103351,22.34687393313425
275,-38.78450031147007,25.42743588114443
276,-36.497662650810554,22.826330166324535
277,-38.38780925632486,24.761185211117905
278,-38.93835439774057,20.78802170782331
279,-37.148461071960675,21.110651177571455
280,-38.835321054412944,25.54243353677604
281,-37.72755956045215,21.566110974825047
282,-38.037356771837764,20.472629822928706
283,67.62376807757997,12.353311425734784
284,67.36525851415996,12.187873459550424
285,67.64690914276775,12.399066790137049
286,67.68791112064571,12.332085722040365
287,67.72680903952131,12.508174588865248
288,67.61893586759763,12.305815364429217
289,67.62908778322762,12.411434175910681
290,67.8660082596558,12.313360615101715
291,68.26107953025978,12.328093070367313
292,68.37174658456196,12.615584240852932
293,68.38765673794217,12.377038073526938
294,68.10215891004887,12.643430944317618
295,67.78597523441829,12.30377865511711
296,68.38911279142702,12.607236094910217
297,68.06013277201764,12.325427055153959
298,68.37953761479983,12.273815669747595
299,68.48992553296235,12.518015714073993
300,-8.602587108865038,66.56896471259658
301,-7.466034308471154,68.93070256366579
302,-5.730166954827261,66.10751618401873
303,-7.86673632893856,72.02003553256482
304,-5.6872145423755205,66.64778032909692
305,-12.045499505571385,67.8811348466927
306,-4.122556729030935,71.76287304732436
307,-5.343237202866753,72.14380394830273
308,-8.078180997130477,65.59574624775271
309,-6.733085149627241,59.05613586755154
310,-10.554075542849288,66.45170005187083
311,-9.162075996118656,62.93817092814232
312,-6.417173912518226,58.61539663900198
313,-7.005489877630221,64.9474121474859
314,-11.648495775131572,62.254265874896156
315,-10.433327849870661,63.515785832484774
316,-8.941072399353347,63.60728626190555
317,-10.337695280938046,61.82358634406654
318,-8.505213061006696,62.00680571458738
319,-8.350726085078689,63.30529165428696
320,-10.150662018386832,62.06221344877941
321,-11.45508852526119,65.41615661134341
322,-7.171119328619014,67.5626288395285
323,-8.436865301069224,63.418520493034436
324,-4.699303142426276,60.68310743200351
325,-10.29042309932915,61.297850616214305
326,-4.766215583961532,70.92094056667474
327,-8.741300848223194,63.899455018837585
328,-10.132156765758833,65.7531799159151
329,-7.470142195050006,62.988684949646185
330,-7.610712132824745,60.5535728256417
331,-9.367401448927314,62.6491482459503
332,-9.915579211041363,64.89815838236204
333,-8.723520171053961,62.77663732894166
334,-5.603045288072622,62.70982461289827
335,-11.67328470944705,62.62291380386249
336,-7.431837724314613,67.37242236699333
337,-6.418404274500312,64.15625237752936
338,-8.959784936677279,61.65772752262588
339,-9.712743751469647,63.07208504092232
340,-7.194199420848634,60.785933524945406
341,-9.429649011136965,62.82012425971611
342,-11.33085011675517,62.04340175940152
343,-9.0465714728483,61.45270573559524
344,-8.927968494418467,61.14476695626857
345,-8.53946118798617,65.14928654596108
346,-11.431889700291647,63.28221458139711
347,-8.889879891660975,64.77419208343197
348,-9.591861715041656,62.51441031634258
349,-11.05195193481718,62.29654599086673
350,-7.935926948836521,62.86331950601992
351,-4.356921069201596,60.183516818227446
352,-8.443210356714774,63.556046092426286
353,-7.286409696944797,63.4647092647929
354,-6.237044977047827,58.51586792421705
355,-10.010867687919554,64.8265122324724
356,-9.804422766194037,64.17301796499578
357,-9.301714746184901,64.1959324300268
358,-7.8710455431252955,63.85881650742813
359,-7.9007328408110755,62.93066918760116
360,-10.913453973999681,63.19340958651257
361,-8.268346989721321,64.27701568251214
362,-11.517469126201195,63.25805698441674
363,-8.857225511922792,61.59171950050365
364,-8.799440520962152,61.27150857493356
365,-9.882965543556429,61.9722262760446
366,-6.58783070353273,61.521225183996435
367,-9.355299709289548,63.27321130048907
368,-9.400672511231562,59.99427216104914
369,-12.126755936989841,64.9000220129504
370,-4.537671344253964,59.957824802669705
371,-12.308496146709539,63.832255663702135
372,-8.03823151543849,70.11729409932832
373,-7.107000733001168,73.50954708788473
374,-7.984048239505798,71.4411737943951
375,-9.356118985043453,69.69954216593541
376,-8.3001075647201,71.09348234811655
377,-9.832451258047325,71.48809351724172
378,-10.540008450497995,66.15794249635759
379,-9.423846420957469,67.9739874945853
380,-6.176654226800426,66.90047960053357
381,-3.237600000251106,67.73344539862109
382,-4.1732572420546505,66.68432033407949
383,-1.0273302406387066,64.7142774225969
384,-6.7377376913398,59.469513840868174
385,-1.755151475957767,68.73870295459714
386,-3.8362604813423697,70.09838506726022
387,-7.528427987538202,69.5309557524476
388,-7.285831626888159,68.64772389549196
389,-6.070654626043873,67.90632759169685
390,-6.509654254239946,69.36123734522799
391,-8.142616275450814,67.99679480657561
392,-4.308134666174075,67.74802876398923
393,-8.349263257071806,67.84078394935709
394,-5.808015240959215,67.67373879280917
395,-9.521135979474868,64.98170682359512
396,-5.304549659448052,64.90376294240292
397,-10.635413574434155,64.05775711020908
398,-3.1073905916764546,68.77687611534016
399,-7.571845774551609,72.01931276815102
400,-7.574554606130052,71.79296939806015
401,-5.649407981955716,71.61525457907568
402,-4.889521503975891,69.73126163791439
403,-12.141299984842476,67.78611682190646
404,-7.6947014995065794,65.1575565308741
405,-1.2967156801639836,64.3028408807561
406,-4.334156416339627,70.72170996895642
407,-8.430163030367082,70.78746626734056
408,-7.0977938538053875,70.53828091941652
409,-8.95420907209482,71.90400862447004
410,-9.762884999070772,71.6866766798882
411,-8.401735194213032,69.12610332352229
412,-5.628812016995764,72.92959144179456
413,-9.728873720816496,71.5659618382689
414,-8.489083132966975,69.43298314364985
415,-5.210771592195624,61.02730707733191
416,-10.063381379212386,66.07394067762918
417,-5.867019657163289,64.10533684361312
418,-12.401943554531952,64.74915103225332
419,-5.857417259075105,62.645769235255926
420,-7.561297458883122,61.633770458006374
421,-1.3819047451202122,63.83206957093241
422,-2.4387004069896165,64.06834644106543
423,-7.518583250011312,67.04195763824025
424,-6.038423317078444,62.67020514126531
425,-8.533575624477603,61.91244440362953
426,-9.16083274537642,70.79788930189247
427,-6.658328838939357,69.1474438762052
428,-7.833506716321332,61.618728316112104
429,-3.725120759407585,64.80659556122146
430,-8.954898512982929,70.47174718735516
431,-5.943159188104574,65.89675698613706
432,-9.37360664599674,67.63520227864424
433,-7.141486420229352,65.68603568057657
434,-3.346741427799587,65.1896682011295
435,-7.479972113401171,65.1174278741718
436,-8.643359660982346,66.53357720588254
437,-41.29982210299025,-12.774502103438548
438,-5.215908893512209,67.15400211325948
439,-40.7445213384993,-12.937122525539817
440,-3.655205964612608,58.22562389438604
441,-5.998426184967028,68.87668342258341
442,-7.42012940474206,69.88902644528214
443,-12.616420681345694,64.2299631686383
444,-8.079747981707875,64.80921679248813
445,-7.006651138723257,61.18293921915039
446,-4.535897061473177,65.88697126063119
447,-1.7745674424962001,69.79135512741618
448,-4.3513289614522925,65.67692281774968
449,-6.856173617044275,73.28889805585712
450,-7.298183755174645,70.2145034024165
451,-2.291445195402721,67.31302763323578
452,-5.483679106026758,72.17417496571245
453,-4.431781924598934,69.1004128518396
454,-4.796434169139069,72.31566668678512
455,-5.076098783707547,72.86245710336145
456,-5.845099607534274,68.15360318144819
457,-6.669475329457193,70.57099504603892
458,-7.43361361677035,70.8346159365187
459,-8.182732167454505,71.38912845926477
460,-6.804359382133943,72.32026608814017
461,-4.83570056893312,73.13459454733272
462,-5.742006449297643,68.53108295727124
463,-41.176817840159295,-12.87091129480292
464,-6.583882830863018,70.68552995468309
465,-7.36557320272989,71.58156520611739
466,-6.946694528002395,70.38396978510264
467,-7.325203826521212,72.03258076333533
468,-6.758098271374298,69.04005684252992
469,-7.439895697704206,69.92114512956287
470,-6.165553873950062,70.19425419640667
471,-7.689003727834345,72.39617367919732
472,-6.218591258217894,71.84624811686587
473,-5.1253561585202165,71.62089940595585
474,-6.6487291328638,68.38412837018292
475,-8.00846421791044,70.83678022732393
476,-7.221586378254445,70.28987942086943
477,-6.55251577632738,72.20972165975644
478,-5.999571643793025,71.21650397411622
479,-5.408812848126904,71.14818288715922
480,-6.261864463373361,72.65132999379061
481,-3.260687939103176,70.59970016045321
482,-4.4744882661858805,71.96551794100115
483,-4.529873903258692,69.87080494346233
484,-4.7408945698915215,69.60758080468877
485,-6.049477787224105,70.61356146353113
486,-5.982945838374707,72.83361698577234
487,-5.7175411463746,70.19105734883996
488,-5.120271890953228,68.47103168473164
489,-7.398288863474438,65.36415203161539
490,-7.04967251149915,71.37661795634172
491,-5.97498964876744,58.76370165644909
492,-6.589927223014529,58.7678144043091
493,-5.141096396808239,72.25242276481866
494,-7.370937823339698,70.6909701942956
495,-1.9458870386768552,69.0164007688212
496,-6.617323581440234,71.1439413784636
497,-6.371412384267404,70.90896238187224
498,-6.4258364860865385,68.1488363627135
499,-4.1758145843178704,71.93353875581906
500,-6.034097739028966,72.75651800858134
501,-4.467316040783476,65.69896405435487
502,-4.263951422620936,70.4414927777425
503,-7.135482932014606,69.7455625420432
504,-5.085978182265512,70.537562720856
505,-6.0474561144111245,71.66705564181196
506,-5.441579669261804,71.32100753401508
507,-4.242466696881354,72.00970651897265
508,-8.3023489128486,70.3277395790101
509,-7.496178394418332,71.00835468243037
510,-6.629306087306318,70.51430962391579
511,-8.996532171669955,70.91228502523057
512,-7.901084589737985,70.04271821435186
513,-5.838985880178857,70.31058206134038
514,-0.16710874853965396,63.33558547063916
515,-1.7567623917427402,68.7993545631623
516,-1.2305181500694997,64.36778230745134
517,-1.8377347286793775,69.64456663062346
518,-2.0070620400062213,65.57181797664944
519,-3.250175190564578,69.50018717888626
520,-11.177301830972256,64.81076610463093
521,-1.350872490460975,64.32288072181278
522,-5.293921055887418,69.61872812416709
523,-2.0755461609860877,68.88006420765552
524,-2.8662821089526784,70.41032644318736
525,-9.677352374778657,68.20625026944302
526,-4.701537425879309,69.78072274443491
527,-5.433100869197298,67.2343476923338
528,-4.8951547493407785,68.81196624455262
529,-4.48944992759666,69.3844000133827
530,-4.092778429364585,70.95459464835965
531,-3.0825607194574953,68.29880429197499
532,-4.195193480531434,68.76333026889628
533,-3.504028268596321,66.48078355024981
534,-3.2634760164766874,66.5247239215001
535,-4.0871878133414095,69.0740603862809
536,-10.146253864704,62.26151684797843
537,-4.518230053036623,66.00590935555864
538,-6.629581665503708,65.96142617866434
539,-5.671867115722714,67.80805544306548
540,-6.206486057586063,65.11158569304112
541,-7.675645835223701,68.28429862289113
542,-4.904607053873427,66.0389412848994
543,-5.98918656589476,62.8223814552976
544,-6.114025090705203,63.22606580045812
545,-4.593266228917178,64.4020783794316
546,-6.713152675717659,66.63728377158094
547,-4.491415638157283,63.55252465888582
548,-5.9869640585926724,61.45881337592233
549,-10.002198228299237,65.6912626637227
550,-6.503321202581102,69.42147156125777
551,-9.073574008319206,69.64642497713062
552,-3.789717060071743,70.79320632707956
553,-5.6268064425026925,65.56523267060666
554,-2.7362502649835867,66.87183588964817
555,-40.069315207434684,-13.242565092345323
556,-5.816863910683367,59.859637793173874
557,-40.58695900978926,-12.88371264908545
558,-3.241506269184941,72.51358173169808
559,-3.7073286503526495,68.3837864199642
560,-2.6038573126524853,64.51862371590535
561,-4.650462748228633,61.622370858148145
562,-3.5228139181763067,69.51957249887586
563,-2.459638728442403,63.65857862477205
564,-40.76108713728826,-12.846271094279775
565,-0.6967781616496969,62.75378696227855
566,-4.309178956709161,61.14329053665254
567,-6.603423760092383,68.70523952250807
568,-4.378408089517749,61.04308563274825
569,-2.1196351924674603,61.307423700210144
570,-5.922388152497599,63.87258637222132
571,-0.6022336343619626,61.041180435698124
572,-2.385982267570586,61.54435609062229
573,-2.1243520260771414,66.44837503066101
574,-4.914740396508929,61.59086236295552
575,-2.4370768895149126,59.492584542689116
576,-3.830800416408137,61.09674463773946
577,-2.143016202530205,60.602766950096104
578,-1.3541413265779483,61.819959395770425
579,-2.593129138421034,59.08626802196529
580,-2.658220356900956,61.917225509203675
581,-2.4410815562217296,59.34179855175479
582,-4.51554193575115,64.29951978696361
583,-2.369482369346212,61.879287275136186
584,-2.1462498775167616,65.38661806270022
585,-2.8153838556850035,59.33512131746085
586,-5.536576572056186,61.299838221865144
587,-1.773798571368532,60.462596717260354
588,-0.42368441138825513,60.129869741720775
589,-1.9505793644469196,64.64085322868584
590,-1.6297261840770243,59.9615082132133
591,-5.1915483550435475,62.281897998831404
592,-3.6051121797898964,61.22164908415886
593,-2.3318785564861386,59.733259922378885
594,-3.077534387605761,59.12737926624028
595,-5.425226141973891,58.94756310517393
596,-2.0370898738357237,58.72772204861535
597,-1.7814413517477665,62.010288289716755
598,-3.285590727968574,60.15940111512742
599,-4.152559990175746,65.67362153785491
600,-3.168323630921538,63.382716920698236
601,-1.1531341843102145,59.233986849684705
602,-2.9407002293285887,62.26730567889108
603,-5.381111293187271,62.22601195088536
604,-2.9728169083731353,60.153598141271715
605,-1.8556223274765755,60.66437056337315
606,-2.284445798175043,62.99465919911503
607,-2.6955747454923245,62.15078654195157
608,-4.418485211927329,61.92121446146559
609,-3.7907837017192376,58.76141741300696
610,-3.9845800037444965,61.428557980662994
611,-3.0188507829851,60.47608333487445
612,-2.8323588071888786,59.32499749177867
613,-3.731422364601703,60.222423532119294
614,-3.6389159253038668,62.1176310309595
615,-1.7246068251635607,60.91018231741211
616,-5.975429723139288,61.586161662059425
617,-2.4920405847694984,63.4413662539068
618,-3.4928337686780466,63.218848435281195
619,-0.2793648470789883,59.39567411663152
620,-2.7915501937676606,60.71762279005874
621,-0.4710908844935174,61.976377406667154
622,-5.393171826736429,62.68050194591562
623,-1.2387224697019674,60.383135948857195
624,-4.500003912952878,62.03637287510381
625,-3.759991766193199,60.75842129764195
626,-1.6229510101124582,59.578337311710804
627,-2.227250780392116,60.06381301126712
628,-5.778870898453338,60.91643508107496
629,-2.395558524558946,63.84603169585224
630,-1.0693640096543306,61.80304239772961
631,-1.756568631520701,59.446722226837316
632,-1.1297206884237554,60.781031886857264
633,-1.7900616818470692,59.20805481687894
634,-3.0754683044661046,61.9423752564024
635,-2.704329577710431,62.248645172497596
636,-3.669668198417935,62.415140028298545
637,-2.111566777027451,58.582548918014496
638,-4.168701628756119,59.10970421376061
639,-1.1363345439822197,63.22206911868708
640,-2.1471034350279665,65.19521835076992
641,-3.4347451691157915,60.671874783070244
642,-0.4995297664448456,60.748608139009704
643,-0.9085047078290749,61.08557220807338
644,-1.999672108832078,66.24508446606924
645,-3.1351254022979793,61.7750227007322
646,0.19101461437036232,62.69530789249561
647,-1.4007148947992578,62.62174401260299
648,-3.6161625830318185,62.22018022660581
649,-0.9459734671551362,61.64288447269632
650,-3.516741610315143,62.20243673550721
651,-2.7062758658749426,59.105019164258586
652,-1.7134413202911831,66.39459858206264
653,-1.5436802229428264,60.39696681906245
654,-6.498800366149473,66.46288924305698
655,-2.60313733504243,61.80470879521078
656,-1.1464113128614677,62.328555096315206
657,-2.963409239379326,65.50677987160174
658,-1.5952034804646056,62.73923310506926
659,-4.076776437439476,65.48279149194974
660,-1.5014872283039216,62.32608774083489
661,-1.5559771501579256,60.30182286830414
662,-1.878406612610134,61.15077611648884
663,-5.052323655257884,62.56714798933603
664,-2.41831860111049,60.21129435721008
665,-3.9344257690465962,63.28794523209053
666,-4.029927849474748,63.98188238938368
667,-0.633792240213854,59.01419056742043
668,-0.572454575804858,61.003280964419126
669,-12.185656900880879,67.72974727062369
670,-6.33667500116745,61.07964883368123
671,-6.585074454043741,69.34677545940957
672,-57.1077671876637,15.919226256024956
673,-57.64273640401894,17.041908867256375
674,-57.30453411171032,17.284055707741565
675,-57.71936760032074,16.84542891925655
676,-55.111204950654574,15.992026344745053
677,-57.35494745871073,16.91792396998426
678,-56.56890531041741,15.975527620096251
679,-56.622953019722075,15.951343949910566
680,-57.604804336290876,17.26833524639817
681,-55.88510111352328,16.217564415847853
682,-55.53526708226795,16.805802994451756
683,-56.17107493442288,17.941692992482057
684,-56.48975502479762,16.198493470788335
685,-55.80833560711077,17.081781126951217
686,-55.8143232317848,15.603768581905516
687,-57.212358035235106,17.666292395168142
688,-57.247626125772406,18.293574984552663
689,-57.110711776511735,18.096977879303797
690,-56.772589277395376,17.86783828268132
691,-57.0609407015896,18.236847173113624
692,-56.75939387081353,17.622553546799242
693,-55.9730871281859,16.096794595850596
694,-56.989829300793104,17.860691301165456
695,-56.78282598742551,17.395947139810914
696,-56.621620845554816,17.955276680642235
697,-57.20841329241542,17.909996689804004
698,-57.187678245393855,17.58844616179662
699,-57.121116989480385,16.614076020866122
700,-57.58659751943691,18.26274768300299
701,-57.61454587792759,18.082357192847116
702,-56.24790880840733,17.21925592728135
703,-56.16713398332862,18.063012352309077
704,-55.7565953875311,17.103548022471987
705,-56.15690540815652,18.113340970623696
706,-56.78086311836847,19.024220355250346
707,-55.40157613969127,16.826651453386184
708,-58.0554369954572,18.338691147542058
709,-56.02280157610432,17.48070013149079
710,-56.62497991248335,18.478322809738533
711,-56.77535688411678,18.929137025866353
712,-55.692018073294946,17.59458982155583
713,-56.86875238698967,18.266128052655954
714,-57.193564683005405,18.204434498975584
715,-55.59267821064352,17.459667718809655
716,-55.70434074012043,17.429066689228595
717,-55.684463787392595,17.44049496569539
718,-55.757778950514776,17.45691833583963
719,-55.75507239675292,17.35699378924172
720,-55.84746162467882,17.318211023979615
721,-55.699198213983536,17.28343572485225
722,-55.265949392285854,16.915780573136523
723,-56.8373126767017,18.82190092270481
724,-55.00901388128857,16.903371270495626
725,-55.69433338808497,17.856596854565673
726,-55.283274560037334,17.0728875450906
727,-54.44973607370279,16.604876301813785
728,-54.70106441162277,16.793503121943473
729,-54.62857239775756,16.807478910197972
730,-54.542184139409855,16.689818951741604
731,-55.146097979939846,17.370690319329082
732,-54.4326351999273,16.707343021734452
733,-55.031997687971554,18.05537029481829
734,-54.30674417174642,16.934816989518247
735,-54.410480279674694,17.808492480222654
736,-54.33154021598225,17.162204680549088
737,-54.87690319132955,17.87112364402738
738,-54.44365264182951,17.881165253478265
739,-54.397616199115575,16.680546505847698
740,63.87647467612095,7.538915137685938
741,64.61925234995127,7.567187894110586
742,63.67199807061146,7.74309182576243
743,63.8225405496801,7.650162017133648
744,62.42980741886674,6.163767696524384
745,63.930331407050225,7.063985540647046
746,65.24474117704501,7.861610219291114
747,62.516141652909944,6.016330172790223
748,62.157693756670525,5.267888775005586
749,62.21636859291426,5.589574183420356
750,61.595323340478686,7.142766494614165
751,62.33184819882456,6.819249593131702
752,62.11823684364233,6.831286051352097
753,62.99568957529278,7.265450641253025
754,64.59268850486883,7.73678375211474
755,63.647470765872995,7.725200330744011
756,63.911915099171694,7.512357861613476
757,63.469450396505735,7.748293241978614
758,63.59349293164052,8.09137797838772
759,63.73974286545479,8.531851311712927
760,61.92667357046546,4.043087441732636
761,61.80737748621819,5.736192289333415
762,63.75556348333235,8.088321561156391
763,62.49989661344722,6.0622712087547015
764,64.03339398897585,7.550249610180363
765,61.09050885136969,3.984688679269114
766,61.453907644458994,7.480591363246829
767,64.75154886092515,8.09589345739271
768,64.57386309717769,8.788250008894211
769,63.704578908274726,9.507741025632393
770,64.75610922021113,9.082650590432577
771,63.71337544772466,9.407894087687517
772,63.83139629279714,9.909042613007587
773,64.65495819387591,9.929078617658014
774,64.58286992609942,8.97136400192876
775,63.58800508880721,9.984585945784067
776,63.614781814448165,9.710976544627917
777,68.70766288142232,4.287782328184212
778,61.361551741745615,3.1445209068972173
779,62.215327413349264,3.153943453251995
780,66.45994052321834,7.2315543207685336
781,61.31140558788203,3.498465046204646
782,62.69417979337732,2.983824835076103
783,60.83771885557184,3.3341774121095615
784,61.43471204574724,7.200235675121722
785,62.930125552961414,9.295957514919442
786,63.89740628264911,9.733297628368843
787,65.90853962868796,6.600754896617945
788,61.25234458018916,5.817152132114431
789,61.57560072523317,6.163540792902522
790,63.892770931132354,9.891644281265581
791,62.37543337208062,9.271308240550473
792,62.01963983625315,7.848282255699953
793,61.18302363493049,8.731891383641562
794,60.92952542270955,4.7962280136059645
795,61.62974568196799,9.241473974938163
796,62.25360706902931,9.83369325834235
797,61.8848931278504,9.3999429643619
798,63.8972095373389,9.28705484732214
799,62.39712955318542,10.316566746369894
800,63.811039375555815,9.165664690432912
801,63.46758821230203,9.692825559361093
802,63.44688197405093,9.321042397076141
803,62.99954951444473,9.580085089637294
804,62.32902049120897,9.7158357598622
805,67.90241038315071,3.4428652681741974
806,65.73660597220581,6.327123746079487
807,64.64315771170237,7.1442586433959985
808,66.4234640502019,5.89728617806786
809,64.67189733325917,8.992829724197259
810,64.15929411072788,8.90575828500889
811,63.58556581729301,9.292439147403513
812,64.47627856644291,8.984734314534194
813,63.22837548606908,10.060070725108567
814,63.15614236772912,9.39236052654188
815,62.851233624015286,10.231407175789519
816,62.60271269522316,9.790546511709433
817,62.28327538251964,9.729576063575236
818,62.82584587508347,9.475098971295399
819,62.608730533379244,9.785170032224348
820,62.32029695954484,9.868491872986763
821,62.345468997745435,10.398822504126626
822,62.71555796553115,10.394902626333502
823,62.574561978266345,10.292476578405175
824,62.67428984895098,9.702924046891225
825,63.16308553959841,9.757630892886773
826,65.51585367427455,6.387567353576021
827,66.56501698013564,6.429515122541048
828,70.29758138998986,5.098452807037974
829,69.81025183091495,5.351175655442819
830,69.01851527488068,3.507444425879176
831,63.37883957408574,2.3179260409179507
832,64.73758470311857,3.9661763648682653
833,61.4390485422475,6.946941478008516
834,65.17044376854503,6.52955785621193
835,65.08473807258252,10.054365764514355
836,66.53918791478348,1.5050520588868086
837,66.24545953097122,0.3503830086761324
838,66.15070828025708,0.9789343689070934
839,66.31091703366542,0.9855761193383803
840,65.18490844895038,1.2065115725287445
841,65.88757499826474,0.7093005052937161
842,67.15380349930585,1.753823294606992
843,67.06719735205549,1.010378736577058
844,66.94778265194905,2.468598838088139
845,66.08429865803028,2.005606066068501
846,66.46556023878682,3.3005597443892287
847,68.91644800738689,1.6069531736116887
848,68.79384600239823,1.623298360332328
849,61.31369667228653,3.3967132646856677
850,63.75489890679335,2.2059328272448395
851,67.17518680224102,3.603696592865733
852,63.65020388391873,2.142252953772106
853,66.74200099481608,3.5565947208136253
854,61.106180809985986,3.288044102698607
855,63.762808149873926,2.25471399084006
856,67.00564214715551,2.5165259230648545
857,65.19329071745233,2.0655569944476504
858,66.64611666745225,2.6691832020820008
859,66.56170867129607,2.1483680243272176
860,67.87123150977867,1.657520565827057
861,65.46107202007205,1.3170606967639742
862,65.6884474149433,2.522800900281392
863,67.22590268394916,0.36314267490978164
864,67.12369048270295,2.4849656302887557
865,67.79845302142725,2.0879895175892753
866,67.98865252434378,2.7301368553850107
867,66.80736260323741,2.5889535610543333
868,69.09833466435352,1.9130934178447017
869,68.99953148348591,1.6445617331469937
870,63.280807008664965,2.2180153081076566
871,64.6872747818761,2.0483519145469513
872,66.40145136014236,2.139710838948012
873,64.59502997888718,1.2186589901650056
874,65.06134206929792,1.1404617901011422
875,60.78986799714752,3.2249204992596234
876,64.23735048360525,1.0043264314714786
877,66.2164290168617,1.5526477182176723
878,67.62059896677353,1.7542067111116242
879,67.72851999835433,0.9537013686166383
880,67.38525274805875,1.7218980733405234
881,67.66379531536246,0.605600642669433
882,67.83360704190554,0.13105122917897621
883,67.77423480645757,0.8079856660046293
884,67.45116095204851,0.7461435514124621
885,66.86887735133772,1.2663542443622882
886,66.95730301239088,1.6004000303838957
887,68.68867675590309,0.5741687910322966
888,67.20673698675355,0.4650272235181491
889,67.73318934244358,0.8307939873076365
890,64.62099143472732,1.0748574741275885
891,67.24262182104026,-0.1751163566635497
892,67.75819276409788,0.6209795346684231
893,67.46224944618605,1.3621767418026358
894,64.06575712981935,2.124440570698243
895,66.37370908433918,1.475773417259657
896,67.11542619427692,2.171748816130995
897,66.59638399029384,3.1884059951158874
898,66.27195073042273,2.433822705633633
899,63.624444780317326,1.3376725207440345
900,65.36154586220457,3.1667755907406416
901,66.80091964317158,3.8130430050864788
902,67.88230170605819,3.5664835815055307
903,67.97996873037758,3.261525534407455
904,66.64158497601225,3.6702044310397732
905,66.89071649153932,5.176640030161658
906,69.36264963540883,4.186506114233075
907,66.8823498316856,2.9855251750597045
908,64.86523052211949,2.0124968488189086
909,65.45850382328025,3.062856495639669
910,67.25097391990577,2.3050777170678787
911,67.29842001130842,2.9332539922729355
912,68.77848347219584,3.5181662612986178
913,68.08626683990443,2.0427375416312246
914,68.06527401851021,2.7079027128476763
915,67.54518526168133,3.684781052237174
916,67.61494073701697,3.3843992900976643
917,67.44582493348284,1.9374916478231154
918,67.90497187534571,2.1725684502477884
919,67.77020606828385,4.503182522928461
920,67.38141928714988,4.141129955171912
921,67.91478315922691,3.6212942321652677
922,67.51337066650504,4.341465992409977
923,67.66352875151051,3.7826693040566393
924,71.174491692368,6.6377073826893875
925,-41.88117352386774,11.187012888317783
926,-41.89065757606706,11.172790952743334
927,-41.915272789452125,11.151636164628462
928,70.77988461199377,3.731366194120461
929,62.311159536533424,2.807279001174793
930,68.64656612926628,2.6522573645605094
931,69.95878692559968,4.298885780066272
932,71.33151508174926,5.248836390222508
933,69.17097447293823,4.092437349646318
934,70.22592883478954,4.752065444056778
935,74.16137149889857,5.156212450210112
936,73.07325372171097,5.935526686946058
937,73.44213546416978,5.439916392766566
938,73.96158886159581,6.30750809980852
939,73.75848861625299,5.128618225371353
940,74.15828527714808,5.879308480891421
941,-41.92802505720202,11.155495647847978
942,72.95337655870898,7.71548274500279
943,73.97475057625567,5.383519899240173
944,72.86839106409518,7.804152050109286
945,72.87325571995987,5.466874969500315
946,73.27097770307053,5.592511670554843
947,71.24155309731083,4.023588755899483
948,72.91328316366923,5.502353811992263
949,73.49204166529599,6.895999169907483
950,73.22515603229654,6.314734193804791
951,73.14232730496184,8.407948955596483
952,70.22904901393068,6.295155483803107
953,73.01572263749827,6.055399259778828
954,72.62393184718297,6.438445291682637
955,72.74768004382162,5.6049422993867966
956,73.1397926749979,4.886210552713928
957,70.31917418688026,4.631801705933166
958,73.29962278998113,5.735449990252215
959,72.92043415632486,5.960895944315277
960,72.79560003010755,7.586307374333301
961,68.1376002410361,4.804947297794019
962,68.29501389199903,4.772254791628053
963,72.17766729831878,5.436090578542517
964,72.04028308279256,5.447567817190047
965,69.66507510830719,4.406025097884478
966,72.65758788628953,6.05015685439342
967,72.96900044396278,6.535102411984462
968,72.85999093153983,6.0174183396604946
969,71.27630599971454,5.459665989782116
970,73.04263905520624,5.833960370551353
971,70.92955877098437,5.03662272550024
972,72.39166717166765,7.491709679700707
973,72.41013967967167,6.429747603704032
974,72.42401621074261,5.833106841538856
975,72.95301944592313,5.625860032272335
976,61.73893164267124,2.97565300950163
977,-41.91342613475403,11.1617709640721
978,72.25367991876794,7.343132820465208
979,71.38314501963507,5.625939554438626
980,71.2705496440815,5.830474025549368
981,72.98949079372488,7.6537521859404345
982,72.974632475951,5.92679686315337
983,71.873712617008,6.211857309651883
984,71.65896213482023,5.965855555141026
985,70.77449052828396,5.189436489720156
986,72.1735773588127,6.617263411203327
987,72.3630664594953,5.95111713694539
988,71.87560296548097,6.181671021299688
989,72.42924012670781,6.638582205267609
990,72.00168797275039,5.931951704810821
991,71.09504098439237,5.512105021237039
992,72.09036878899668,6.444201238601129
993,-70.10202346901154,4.083669062219404
994,-71.37642034782957,4.030026940135984
995,-69.53973693470776,3.381557898547061
996,-71.34320287381736,3.193158224663826
997,-71.6481306245598,3.6952035041887306
998,-72.00405368389424,4.275121433498885
999,-69.1964793170311,3.998423145774734
1000,-70.40495740201592,3.6327684641811047
1001,-71.00004592373436,3.9057931443736673
1002,-70.90049014997867,3.9306097354150427
1003,-69.82966516391303,4.136471977659203
1004,-71.32480665777088,4.61975184504202
1005,-70.62442080352871,4.597026981394206
1006,-69.6963651257133,4.072753700001326
1007,-70.50579414746925,4.673944757326508
1008,-70.06788949262899,5.245978786563959
1009,-70.78257056663452,3.5568392877964694
1010,-72.38253104869307,4.447596212681161
1011,-69.59489039873264,3.9258109724063557
1012,-71.23378856573312,4.473802457330121
1013,-70.64676531988572,4.350424062561484
1014,-71.0299881751867,4.272335175990998
1015,-70.1165153970999,3.72739799661289
1016,-69.94871078824255,4.480308197672997
1017,-70.87403783558325,4.301252416366659
1018,-71.1404100960609,4.759719805455639
1019,-71.24568862971441,4.385291478360465
1020,-69.72783575894724,4.228250234883904
1021,-70.36539194176412,4.080267163489802
1022,-71.282284358186,3.912441813183954
1023,-71.19139853546213,3.3967071883466486
1024,-69.47527641834306,4.117841814241689
1025,-71.31506264249336,4.640762302258956
1026,-72.12930149404175,4.613161502185956
1027,-70.7955558236296,4.387995918382694
1028,-71.04501193273776,3.061721993430572
1029,-71.33468450123125,3.2750229422281714
1030,-72.0485909654163,4.026613799277402
1031,-71.87337088867852,3.8807151303535212
1032,-71.16030506059072,5.148389079383433
1033,-70.02901967678025,4.628449701698616
1034,-71.03058642163379,3.9669173814361294
1035,-70.8016509636251,4.556304970535924
1036,-71.58523073679778,4.609259537158889
1037,-69.89843918429804,4.048024041725689
1038,-70.18781967532615,3.118207723172136
1039,-71.83153429383432,5.115132912871493
1040,-70.32222048365767,3.6364582207798373
1041,-70.21039367946966,4.779454460870199
1042,-71.538128563804,4.477390192513217
1043,-71.01674284974706,4.745089525200331
1044,-71.52761686604704,5.177027388019047
1045,-71.70460607596561,4.440738011688304
1046,-71.28659764803847,4.621458996616612
1047,-69.9438976305781,4.031264883806018
1048,-69.69854404857877,4.047279451892256
1049,-71.75235675893339,5.039518076605504
1050,-69.06245945482061,4.132143233424267
1051,-45.04698887672103,9.463017394512754
1052,-52.26354895796715,13.606078853226768
1053,-50.962197434407145,8.120783353002363
1054,-44.80192469023561,8.82314403429191
1055,-49.3402971271319,11.320540967044115
1056,-49.8565562852248,6.255916437817189
1057,-47.59742177237495,5.506500185748492
1058,-47.10869424106607,8.73986710057957
1059,-48.332977864325834,9.196778086634819
1060,-44.106447241077504,8.336374958642356
1061,-48.811917245905576,10.501815774160502
1062,-49.88590704699314,10.22989913140255
1063,-50.88821760750247,8.24850718166912
1064,-47.82542645168914,9.30747334371154
1065,-46.07395112108486,7.870310036821212
1066,-45.28078863852728,9.197047481351902
1067,-49.702400206066805,7.994943558435111
1068,-47.59932999055012,5.785351563215482
1069,-48.522128237757826,7.14253339042345
1070,-49.62533081269375,7.63869132407778
1071,-49.857890902937974,9.705612941692982
1072,-48.927537193372764,11.12869957929448
1073,-49.977809200950986,9.91475550141866
1074,-48.565769862409034,8.060752276975498
1075,-49.7555593361086,9.204976702000586
1076,-45.93762788002368,8.119902032141479
1077,-49.78859792694577,8.652400903434524
1078,-49.169624597309316,8.39630654826663
1079,-49.15906503705154,5.722159091345722
1080,-50.312125307844795,6.956317842628616
1081,-49.672449586575716,7.843541017035371
1082,-47.14420680816579,8.412305612395064
1083,-48.06187589269397,9.370692955302887
1084,-48.94524587205615,7.595662427067258
1085,-49.1129053041633,8.501809466904701
1086,-49.516624227023854,8.670588636795824
1087,-48.24724711970334,6.6551399084073175
1088,-48.61359618858298,9.856526568166515
1089,-48.86911698472857,9.393636463676579
1090,-50.8168205958265,9.277280806392517
1091,-50.02194641275928,6.776419792964925
1092,-49.48043545770625,7.03608800916876
1093,-48.576687539099865,9.126362153513917
1094,-49.77161870825329,9.892551855228342
1095,-49.15623924360458,11.02296714858449
1096,-49.64005124636396,8.963687972769058
1097,-49.156766521742576,8.598612942633373
1098,-48.41325051420207,5.933992160909235
1099,-49.00654584143533,5.30892662799511
1100,-48.63514371437555,10.419002373433715
1101,-47.92803840096334,4.488225109168754
1102,-46.31986247293534,6.609328493227521
1103,-49.52679659100201,6.8543562821106
1104,-46.54172364474085,7.625927384371163
1105,-44.53948024146974,6.593920587670066
1106,-44.939940267696294,7.939432479032431
1107,-51.11547026944309,8.190743760134623
1108,-50.34818446477444,10.756855815854314
1109,-45.57737783474102,10.189561650036666
1110,-48.64196208057079,8.615425252248205
1111,-46.75405725298556,5.275770878046797
1112,-47.014627494725865,9.645172059994483
1113,-48.55158638377824,11.509800925629982
1114,-49.48293390990826,10.317120407219615
1115,-46.70684404982247,6.175985168867554
1116,-46.77835259293132,6.130989903049948
1117,-47.08924815366563,7.096444293616687
1118,-46.2572881364661,7.8981247255368405
1119,-44.25264642351382,6.078130592726413
1120,-46.25843889449811,8.041872485496835
1121,-46.91808158522279,9.254779766227548
1122,-46.46484986243373,10.207446460675328
1123,-48.44366323678276,10.40950741296633
1124,-47.46334367739493,7.4718007888981735
1125,-44.50680726974836,5.127034416605917
1126,-44.03489116480733,5.813891711459401
1127,-45.972681735605924,7.559387649006319
1128,-44.38407073995542,5.704359714820236
1129,-45.56723573302817,10.103329096254264
1130,-45.715049711875224,10.265501062324063
1131,-46.21890528852574,9.928160846208378
1132,-48.10371069901661,10.549412803300802
1133,-47.4914088131975,6.2485021701785195
1134,-45.85104381759232,6.627833659948
1135,-46.03911621597861,7.0418376352753125
1136,-45.18292341899037,5.818013204378842
1137,-48.38989412114728,7.932920907967705
1138,-48.0405824185283,10.925008596974884
1139,-47.44282803499639,11.329196125630832
1140,-47.91435537620177,10.965696218233159
1141,-45.43484967279148,6.679483959871701
1142,-46.62113843465582,6.364487987997094
1143,-44.69958197917889,7.175954795409861
1144,-45.9260167300409,5.481792678250047
1145,-45.91680663273141,5.386497538879484
1146,-48.62819847827406,11.29432279402098
1147,-47.02798847302108,9.378652070824504
1148,-46.285423213027855,10.90912990843433
1149,-46.647445423582006,10.956646177353573
1150,-45.805059532017324,4.925308217566869
1151,-46.07493352772026,8.995341698606861
1152,-45.77496522517284,8.533961451409692
1153,-44.585083389553134,6.969688377709556
1154,-44.81485794363743,7.247491214597457
1155,-46.00406169689781,5.576932503289528
1156,-47.39153750973159,6.228856191095817
1157,-48.876206296334445,6.309743892118564
1158,-53.75023123200952,16.795553164575196
1159,-46.20289701959974,6.775636793218122
1160,-45.16576502732675,9.16009775908722
1161,-47.83149100177218,6.026193998284616
1162,-44.94273066697051,7.641524195651143
1163,-44.7786723672975,7.658744133105813
1164,-45.065762340086735,6.94462492642646
1165,-46.82793517313406,7.234766601154092
1166,-46.7662938062731,9.399183874873264
1167,-46.49221461393757,8.299452382289493
1168,-45.55813507320124,8.46861942396676
1169,-46.036421170640374,8.330958076771937
1170,-46.84570840727732,6.994801548987589
1171,-47.46516320467347,7.007802994742531
1172,-47.194566406088505,8.317213895752875
1173,-47.215095251726254,9.754994178542509
1174,-45.61748796559941,6.885358840915199
1175,-44.2592761779163,5.682382397682374
1176,-46.687639437706835,8.099400462983134
1177,-46.420963125938954,10.10076871745779
1178,-48.099324195506696,7.744686888197041
1179,-48.44084066217476,7.632134671910288
1180,-46.59293172799991,6.703757175627531
1181,-46.2768398075823,6.6734411770831965
1182,-45.9093143990739,7.155711359612263
1183,-45.24281513871859,5.849268407140514
1184,-46.77298396850141,6.867963852647941
1185,-47.290159069333484,6.40822686876087
1186,-47.16880576232359,6.020279609276336
1187,-47.69410973747375,7.640702497178802
1188,-47.08870362103417,6.337681358802901
1189,-48.0890207148676,7.52266932726906
1190,-46.27931248738364,5.7917937189890365
1191,-46.05830266125941,5.8979050946791824
1192,-45.457869120020575,10.845907093693432
1193,-50.311775368873484,10.771900117507215
1194,-71.66285751300393,5.767885778330804
1195,-50.29990034216693,10.790483731679808
1196,-48.69889107131518,5.115647864236083
1197,-45.790174351946725,7.792725794430639
1198,-47.394000214122684,4.977972182871223
1199,-47.16510505563627,8.074043992815563
1200,-49.98037814334697,6.299817348555195
1201,-51.482011945206814,7.807245933475934
1202,-43.87899944748822,7.369575134107429
1203,-47.45478145817904,10.21078930981666
1204,-45.27275759864525,6.382049517214172
1205,-47.65890530225884,6.9058323269213595
1206,-46.04254067715511,4.52736497901014
1207,-49.98963970737356,7.658743447203468
1208,-46.224544182205904,9.141260884106146
1209,-47.5748177655327,6.905306278765798
1210,-49.720230516437816,6.837975745719362
1211,-47.432749114970036,7.023546247820963
1212,-45.77974766850581,9.038469769913055
1213,-47.2615293006057,10.28486258717211
1214,-7.537850376356897,-7.173420735458031
1215,-8.55099033313474,-6.637203960915272
1216,-5.600375043989268,-4.5649675762848
1217,-2.262119803482442,-3.966733800074347
1218,-5.397565054448579,-4.82432343608971
1219,-1.3169570569272862,-5.014788844320007
1220,-3.80036960780399,-3.9318848040052616
1221,-5.120637412203462,14.688221130540109
1222,-5.643974170595369,-8.40189606078063
1223,-2.4198623430205246,-7.6651364972655545
1224,-6.047013217570684,-5.898411610296112
1225,-2.537814152823209,-4.731546737579634
1226,-2.0307124902800515,-5.570001528490715
1227,-3.1608821085222263,-6.084831455070399
1228,-2.4201404870400047,-5.2061995944948185
1229,-2.066853767486739,-5.8147248904504725
1230,-1.6158455455499678,-5.1657301321354705
1231,0.19842718806853027,-5.591516338840238
1232,-1.6905872299426774,-5.243137041259671
1233,-1.2476984563617175,-4.043324590798413
1234,-4.897592625793774,-4.843997820782066
1235,-4.187381056018439,7.7398552877377655
1236,-5.9588634331480845,-5.455013732285515
1237,-6.283389038749713,-2.7858240216793373
1238,-4.569103349993307,-3.9952493321745526
1239,-1.0000910769679066,-2.5217906997483674
1240,-3.986120873068722,-4.731975391608597
1241,-4.209907861449503,-3.399493476199705
1242,-5.678928422343127,-4.530253158646952
1243,-2.2831892377100576,-3.0867187379507333
1244,-2.0523520753065005,-3.350091747739779
1245,-4.604851739805833,-4.2553167466777015
1246,-2.1333818038912002,-3.69316511450516
1247,-6.213981878780708,-5.258011666497983
1248,-6.959495950997615,-7.370672405446032
1249,-6.383122423372565,-7.231705574704336
1250,-3.5966428705954483,-5.029015169316509
1251,-3.9018024646806393,7.031704094386505
1252,-3.430035088067049,-6.486663649261163
1253,-3.544474210273631,-4.97685294834573
1254,-2.9140820825351526,-3.7310047260682695
1255,-5.154588448429262,-4.56419149500882
1256,-3.9215781160649787,-3.6458519318934943
1257,-4.676151229603394,-4.573934710172289
1258,-4.116179736095319,-3.4723459207318377
1259,-3.298221469002002,-2.4473729389183343
1260,-4.574654700799919,-4.435257546246434
1261,-9.729199210854818,-7.285061327898109
1262,-9.538113265444766,-7.062742317861441
1263,-9.680197854588359,-7.01201015335784
1264,-9.534324515510873,-6.952021655165469
1265,-7.941406617575911,-8.295671120124188
1266,-9.24960175803828,-7.305772557031226
1267,-7.784730871463863,-8.30058007632082
1268,-7.875209611869615,-8.36408838578966
1269,-9.173713654111705,-7.48059134992377
1270,-5.362159188549635,-6.9106388225227455
1271,-8.952964354225442,-7.011285108290577
1272,-7.183503535364586,-10.80134015203831
1273,-8.858307084996898,-7.433829631645101
1274,-7.13692312438816,-8.83723687504235
1275,-8.967430722705174,-7.46167206882169
1276,-8.401541144457932,-8.659419024452877
1277,-8.301671521000616,-8.813498241388535
1278,-8.941779987857226,-5.382927965620834
1279,-8.454079513702785,-10.476997533467662
1280,-6.393651134715577,-5.861904307881351
1281,-6.829963315625888,-6.003159606712412
1282,-7.078918056752982,-8.380225181162851
1283,-5.652649647425648,-9.298471533733043
1284,-5.708244435932459,-10.052909468571729
1285,-5.7415007839107925,-10.102627133343427
1286,-5.5520735492477415,-12.042722937278166
1287,-4.492926314328963,-8.189455282181548
1288,-5.269224158644833,-10.539422292879902
1289,-2.2264716744659676,-7.975479244819357
1290,-5.456037283825324,-8.97452195097527
1291,-5.325350096351848,-11.655131810389117
1292,-4.794565251662177,-9.342470349445723
1293,-5.984192198386834,-9.108387713315903
1294,-5.901889996284655,-11.88879230469808
1295,-0.2880578594318029,-5.2062746644393485
1296,-6.605384382236147,-11.156220255159175
1297,-5.177037405613741,-12.215565120694968
1298,-5.842608371400767,-12.236020600057412
1299,-4.951342238027672,-11.948769966483423
1300,-3.9929736066426353,-8.886938817276803
1301,-4.191464181504854,-10.438310523956169
1302,-6.336003219389953,-9.185379042590299
1303,-6.630102855278399,-11.890915734481823
1304,-5.431632826874007,-12.5680444541333
1305,-4.953904213970234,-10.8829027873176
1306,-6.07940840504669,-11.758527840596361
1307,-3.9411465293470247,-9.562233295599222
1308,-3.8297783342472678,-8.060699174123645
1309,-6.035386941272824,-8.641775379363258
1310,-5.019473567080847,-9.259325374530947
1311,-4.962183171019396,-7.980219045519322
1312,-5.070777482621014,-9.800585905179801
1313,-4.183372766646888,-8.70361785288405
1314,-5.115367063285888,-9.718679592879145
1315,-4.260156840569628,-10.280859967153473
1316,-4.187172103716322,-9.663001818513667
1317,-4.284534803940629,-9.533666593005435
1318,-3.351126952195801,-9.398568394400352
1319,-6.681744897377054,-11.016606561478735
1320,-5.474403691321361,-10.287256631121393
1321,-4.21937779861652,-11.463765739257699
1322,-4.4583936400249256,-11.555328710304511
1323,-4.877938332068566,-9.12086153205266
1324,-4.713848475663478,-10.474119579919797
1325,-4.466717624630077,-8.950249472037305
1326,-4.43864735788524,-9.961854549704423
1327,-4.264001439197163,-9.1255587852931
1328,-3.0864131797710344,-9.031990145976406
1329,-4.110783430351083,-10.224329528080135
1330,-4.974433622623197,-11.714518313749688
1331,-39.85990606867605,-13.457111389538003
1332,-4.9986141689107,-11.671598430496097
1333,-5.497734907904254,-8.406602568093367
1334,-2.90273812466707,-9.700161299345847
1335,-2.4247460625576553,-8.813791478739267
1336,-2.5395437196737847,-8.914485704014794
1337,-3.6490486788632945,-10.518674303750123
1338,-2.3930458483596793,-8.870571249297525
1339,-1.9500126822443415,-9.14484303541943
1340,-1.4742360922623674,-8.99800356972393
1341,-3.096362358097775,-9.323611673437382
1342,-0.9362235078300876,-10.63841559860795
1343,-1.945633987546166,-8.234091041137901
1344,-5.113046722034113,-6.921866946633992
1345,-0.6457700072588204,-7.920329744884893
1346,-3.670204880126842,-9.480945220024033
1347,-2.7588999458782615,-12.948731201319951
1348,-3.8566338102403406,-13.90030558101067
1349,-4.109985467658917,-13.720390294795202
1350,-4.466053377801407,-11.103197966776504
1351,-4.368341568995324,-9.6273520344365
1352,-4.680234477023634,-12.195692434168848
1353,-3.1681180499486925,-12.653699124438575
1354,-3.019104356760637,-11.979768496540576
1355,-1.5875814828999857,-10.676704702874828
1356,-1.7320706929235612,-11.058240813248723
1357,-2.1458769732086074,-10.214856301522204
1358,-1.180375233565281,-10.668175168822044
1359,-1.504046214957031,-7.022767017669962
1360,-1.4351939662335194,-10.505565066143888
1361,-2.327559777554105,-12.298495754833377
1362,-1.962728454959638,-11.804245891761655
1363,-2.688634264421376,-12.315214319245555
1364,-2.919552147550795,-11.77801085819521
1365,-1.7950733340440104,-11.746119960468597
1366,-2.168211019348689,-11.456986686236402
1367,-2.9673644672336996,-11.449609390750958
1368,-3.518153722119326,-11.201410716131559
1369,-2.9284531417506456,-9.082467357782733
1370,-2.6837625194749695,-10.404427916692285
1371,-4.492256516683411,-12.99437641394499
1372,-2.983753244852075,-12.450342120310552
1373,-1.968362118704496,-11.22930958972829
1374,-2.276970443225253,-11.533568540496331
1375,-3.161583701622989,-11.420712910660054
1376,-3.1745448392019684,-10.96543396413073
1377,-2.6524831919641576,-9.6591558795584
1378,-6.708372957033743,-10.879855809880196
1379,-6.967722376947501,-9.971374006444691
1380,-6.525751633546999,-10.605142883582547
1381,-6.477690465033876,-10.105949726579723
1382,-1.1358000217168098,-7.028651231591128
1383,-3.492003226564974,-7.873821883119828
1384,-2.9541278324321616,-10.036664497298181
1385,-0.9864567178971374,-8.503503824283024
1386,-1.4264520867440817,-11.533534225719563
1387,-1.2347183094224177,-9.031168011525043
1388,-2.309859269776732,-9.758683111527471
1389,-2.597221505197835,-8.580030549813527
1390,-3.6179409845410833,-10.345454834334154
1391,-0.3631021242297812,-6.4569298979963206
1392,-3.519494276918474,-7.76938271136316
1393,-1.4990381166979572,-7.622542733142606
1394,-3.666288533353222,-13.758071785146136
1395,-2.3646728563700323,-12.322195519750634
1396,-2.6216436717501503,-12.111022870273157
1397,0.04902076569081582,-10.22662816345082
1398,-0.08545883488458794,-10.071245335944974
1399,-0.1281635099312215,-9.844110239365648
1400,-0.9236245321551462,-9.642525279621339
1401,-0.2527912730268671,-10.147008774919465
1402,-1.1305317275469169,-11.783095140216702
1403,-4.102024047487153,7.781482263646677
1404,-1.4768439928387278,-3.930956777749128
1405,-2.7603059382197555,-6.566340747290163
1406,-3.5090246441931274,-7.926147816735619
1407,-1.7660841359412642,-4.158695065987476
1408,-1.471115569012629,-3.967712403114047
1409,0.03241109337005088,-3.6072254942646147
1410,-2.1160526909875528,-3.99977227207153
1411,-1.6741656170180619,-5.223020371023188
1412,-6.049095815369488,-10.057540508327449
1413,27.743051670332754,43.71971914731873
1414,28.306618104010056,44.230216661491376
1415,23.614205123740014,41.93599225046777
1416,33.26507724173998,43.33324161989455
1417,30.334678847847073,44.5570343484052
1418,31.050694417753697,44.93829823355834
1419,31.204190065780892,44.825603812286175
1420,31.12861399394458,44.90618788083796
1421,21.19937428091902,32.94999922944019
1422,30.94313838748027,45.25343720099397
1423,15.99786319113876,41.03614405374055
1424,23.468718317497657,31.7019798563807
1425,23.389436265203212,31.358102303702086
1426,29.01345677748659,42.57205909305799
1427,28.23961276427343,39.44060891459354
1428,32.12519364242137,38.404413787162554
1429,29.90148760186114,38.73759245400058
1430,33.523421104032515,36.99894558757954
1431,34.00108060792001,38.42471015614447
1432,32.96976209235366,38.26316015759492
1433,33.02213490454185,38.1240150207416
1434,33.22519172662724,38.5729454247824
1435,31.367877456972696,44.21059762700181
1436,31.665642686243697,39.442474325066456
1437,30.446709712553993,30.89504124699913
1438,31.732480289165768,39.53677780364772
1439,27.630764911043293,36.33975825219955
1440,33.525074998920104,37.921484521022634
1441,22.143935839445984,38.68787084050783
1442,30.728483107162003,30.69779944830765
1443,25.722436717224806,31.307839112355136
1444,25.784790673757907,30.971558206207774
1445,25.997024768949075,30.95067927632247
1446,30.71236454185195,29.632665394765773
1447,30.561301508637733,31.08996732801208
1448,30.865091462809936,29.510010913327932
1449,32.64414142064624,31.423038419590615
1450,26.676656375434074,43.546139602460016
1451,33.394492084320945,31.954158576202286
1452,34.14552115753444,31.216374644521768
1453,35.258060998052024,32.79475842812152
1454,35.688832016033146,31.336822384451825
1455,33.57631661059791,31.990099301702628
1456,33.84676316504188,30.501413612157727
1457,35.80431622637388,31.601318552283807
1458,34.27788129129502,31.459040014414
1459,35.371405053741476,31.287951768740385
1460,33.20606966594718,32.25702389543182
1461,34.935931820573444,31.213200677658747
1462,35.71079806074297,31.317141723773176
1463,35.3649392969926,29.649433273349082
1464,37.22029697458924,30.61996309691406
1465,36.891355174490855,30.794552158838282
1466,36.74642937370334,31.313530437369444
1467,35.24657389646953,31.023275984231724
1468,30.179767361114195,32.51493630248827
1469,36.12202150436635,31.836427226021097
1470,35.6861945970224,31.447934591361115
1471,33.424846725840034,31.105380932777326
1472,33.908462287388396,32.17839985175827
1473,35.12023340051919,32.803051584724905
1474,35.55044724827217,31.347211099059038
1475,34.935212156191575,31.387850041122494
1476,33.38388610367341,31.374105257896748
1477,33.90577374723325,31.499739793935557
1478,21.810247627255062,38.445447822607065
1479,28.01680571597121,30.659572469608328
1480,24.780932098307908,42.27961926583859
1481,22.91015318466666,41.72887188978555
1482,26.257757590474377,41.672480480870455
1483,27.501734429733656,42.8561062528009
1484,27.91765226971193,30.729736267071264
1485,26.192508102049647,41.39638047821573
1486,25.953342903038138,41.353391067778375
1487,21.977659050701053,38.608870179664535
1488,26.747235435322434,41.29409533195093
1489,26.196618006813377,41.62302994648673
1490,31.43196395322695,40.79685735165944
1491,23.733310267787065,41.279987881740134
1492,25.513454360190995,41.47678761695326
1493,25.631645221900275,40.42824951927988
1494,26.788715167780687,42.492919476686744
1495,27.581862995809193,42.540957886578745
1496,22.112988366757413,40.07665535234438
1497,26.728034138145954,42.41386402648189
1498,32.34112797115065,31.696909269914272
1499,30.57680339259127,43.4365414089286
1500,25.262724967850883,41.46337808396331
1501,34.09720257187013,37.92753420590571
1502,25.88630762673655,41.63540413647686
1503,26.938407822477316,42.27176782603802
1504,24.767870242397162,32.38582993543652
1505,25.362835673693105,34.15083775372266
1506,30.72615595513318,30.914133125985916
1507,32.33438138256698,43.281612988424165
1508,8.046726770385098,-0.06714904397757002
1509,31.12473451959768,27.73446766834828
1510,31.46525605013067,28.808207737756483
1511,30.356991991882886,29.29311434064286
1512,35.43367497076369,37.23563005193025
1513,27.77708916589219,41.118804118073236
1514,33.29314902997054,38.68012507953631
1515,23.072533828564254,38.13505967857284
1516,20.885252885155342,33.90259642928247
1517,36.25298842762509,31.19868591875946
1518,36.471359581857854,32.60207769371461
1519,35.94523734169942,31.36073034583106
1520,29.98508856516956,39.05200058138408
1521,31.226126599700606,32.24518731498193
1522,21.517359343267835,32.86090766582201
1523,22.964935711010448,33.225534952639535
1524,24.242522282444728,33.18838034299473
1525,24.174908847985122,36.88124617235737
1526,32.68488359895164,39.65692096447594
1527,29.164920037689438,31.043191209808214
1528,24.90610873123063,33.60764973735547
1529,31.78036293671409,34.68978084911731
1530,31.66713354932578,37.28858381425742
1531,32.102339818705275,37.71337947392597
1532,32.16402706621721,36.32215826034998
1533,33.97563562451322,38.78349823803231
1534,32.36770515657838,37.72987231366624
1535,31.60767837126384,36.80638144838855
1536,31.199550419639603,38.82018118283675
1537,28.993442831449183,33.20672592853203
1538,31.440610579051,35.283144199271284
1539,31.658273656466346,36.378966667637755
1540,21.05177799386592,37.74272777374685
1541,30.43251073428865,38.7313751714321
1542,28.70728649813959,38.291699802972545
1543,34.88617812232913,40.66982055117485
1544,31.495584486826154,37.60000170368428
1545,27.23369082193741,33.2658395144709
1546,27.044840647467677,33.34601093498509
1547,28.739761246189925,33.6014697517321
1548,29.69975147526065,35.42744777816291
1549,27.460859781632056,33.63547927903388
1550,25.636247882353953,37.69880585622863
1551,28.03185272505261,34.1388593964911
1552,30.10057447747803,34.279865828385425
1553,28.474011342780408,35.12677816208398
1554,28.160630329423025,34.258758724909804
1555,30.115689745328055,41.18646863016468
1556,27.591495358485503,32.490248297844396
1557,28.035680248856245,32.43741407793957
1558,29.249240688654382,32.61907616144899
1559,33.65984743514211,29.83406000992575
1560,25.12279152877577,31.86980635811496
1561,35.50835192993861,34.010386857530584
1562,33.82009131574184,34.14920599028275
1563,33.485056938994326,35.8955132114456
1564,32.447089183174846,35.435253108658586
1565,34.61469444888195,34.28276882533344
1566,24.583158522737317,38.73297289876323
1567,31.094345525512278,30.037074345084523
1568,31.376663334917538,28.967135942664058
1569,31.179601288648804,30.255694275154156
1570,33.07573993611388,34.675919367991455
1571,25.97255218027593,31.915134125706953
1572,27.55448711148564,37.77764399270212
1573,34.4711223682539,34.92938434301868
1574,32.481151752510556,32.514950389462534
1575,32.89778122212058,32.015128510173504
1576,33.00828665145669,32.40597665969531
1577,32.5850159510392,33.08541475979349
1578,30.790676847899896,33.101926304155846
1579,34.56475668200868,35.65318171645819
1580,32.46155789968311,31.81322598807056
1581,35.158798995690134,34.93724287657315
1582,33.75383433591648,33.86358434446718
1583,31.001524373382342,40.4721217221824
1584,33.23100274613328,35.91854597511943
1585,33.48919749463589,35.90355525115401
1586,34.980433745778974,35.013797773303054
1587,34.20214609379475,33.060316565827804
1588,34.74102956721221,34.14217382510728
1589,31.964825015351515,33.691333403949415
1590,31.889537923106843,34.70262128393062
1591,30.019661239641586,39.359426672467556
1592,35.04091963948626,34.35380191446327
1593,31.728293414771855,32.57044455873582
1594,33.29499778650495,35.93235092499435
1595,34.49807806925984,34.168732697719115
1596,35.30442537603932,34.286477745028876
1597,33.20252479435313,33.39878678745086
1598,33.24663189209742,33.46972942549966
1599,34.41211467982638,34.004754167801515
1600,31.790876205376254,33.20316146235435
1601,29.6960231465924,35.76670623561862
1602,30.90766926091792,38.3059887421002
1603,30.737107422127394,38.893476019962975
1604,29.960558854057293,39.177066560277204
1605,29.97152020875517,35.90102584678835
1606,31.294356591065355,35.62312285308044
1607,31.472510388062872,37.2143631727443
1608,29.276463524147644,34.168917105218284
1609,29.1147949098872,34.67703637062624
1610,29.905499243889004,37.822393530808654
1611,29.072396951307887,35.165381120322884
1612,29.52102352922742,35.730052447078634
1613,30.777118091321356,35.6500117367441
1614,29.831617341994885,36.36815049456116
1615,33.96442276852516,35.37180402309846
1616,30.367640027771657,35.67916341115806
1617,34.32899225746232,39.778151801349296
1618,30.533391465627613,41.781824551679115
1619,34.42683658192171,39.74885408318255
1620,34.2748046711523,39.69491789752473
1621,23.96718033198041,39.60819599899554
1622,34.23466635519402,39.55398367463146
1623,34.364810071246374,36.94247007948662
1624,34.61614876316104,35.727054651077204
1625,30.057701574562603,43.0954426394917
1626,29.597185712993376,35.034491924289874
1627,30.934996806206307,35.900970041398274
1628,30.02870523942453,35.33595655826689
1629,29.79232143150602,40.75993997063345
1630,30.0702431872119,36.49690633821452
1631,30.403797754853397,36.27400377473435
1632,32.25231835809354,42.443750964975486
1633,31.062519788746584,38.1224450697172
1634,31.735914618453215,34.04306397730727
1635,28.262885739057744,33.77707446410955
1636,-46.28894333414881,15.144330369765333
1637,27.008972848426353,34.565284051646685
1638,28.99723105141265,34.828986802539454
1639,28.688514473101613,40.00994694760752
1640,26.963467134530173,34.6566185361115
1641,26.91503107560506,33.36313645636577
1642,27.06205497860218,33.31351903692308
1643,26.934812719392305,35.28135167018867
1644,27.871984023573635,35.20959895912487
1645,-46.327354497875824,15.112107005053993
1646,24.823188410890978,37.32669887678051
1647,29.215281998913937,31.001959644068553
1648,26.886034523453617,35.275123401690436
1649,27.03240272929352,34.45108692575133
1650,33.456809434721634,29.150883620677547
1651,32.10544943883183,37.0758283263073
1652,23.315782852805768,7.426518422308173
1653,-46.58109226544918,14.77114551403398
1654,-46.352720089667,15.022107320040503
1655,31.725510296611443,37.62781455080174
1656,25.807513863669836,34.51251249968055
1657,32.32771139672586,43.3004553863037
1658,29.95254729018997,37.510481544753844
1659,28.98207244476142,40.9182363891512
1660,26.475725560308092,40.44929870229034
1661,26.4366798350091,39.05912945364399
1662,25.1399178119547,38.555814470491825
1663,26.85723347914432,39.66657068238592
1664,28.87013205193088,42.56091058184107
1665,27.042748214140833,40.1564468894207
1666,27.815099581778455,40.32457707534232
1667,25.901839644230463,40.31505820099212
1668,-46.220519203628996,15.285599844890092
1669,26.237157223755226,39.71323525437019
1670,26.358229316569393,39.04768964081068
1671,24.326313637575975,43.49820845439102
1672,22.243059842614404,39.652927024433204
1673,24.857195124770556,38.83992332491444
1674,25.691162521278425,39.48391223449582
1675,28.06197923496228,40.50254784295481
1676,24.337912543653,43.58398963628955
1677,22.24193896633621,39.875634958162244
1678,24.38157404663091,43.681894354118626
1679,22.53502011802444,39.56677084191253
1680,27.47264608740007,39.96321076749304
1681,28.24730787876083,41.04993549240864
1682,24.176095604784546,39.71553418748323
1683,28.681129553065034,40.49382959703881
1684,31.00332798456661,35.921562825970796
1685,27.12208189032541,42.56006168682243
1686,31.556206260707484,42.88886750368697
1687,29.421375245611355,39.84763935804146
1688,24.027633307020572,38.32917257038605
1689,25.71088426335811,39.31976720602621
1690,26.971158105636732,39.09618658674121
1691,25.71663361185837,39.295579982798536
1692,23.78524560213097,39.6567006488587
1693,23.3220986941562,39.073700174774395
1694,22.57550669901489,40.733646271076196
1695,30.06306328096735,43.025126059734056
1696,24.083418628567486,39.44758768039562
1697,23.14713458302298,39.90451162605709
1698,23.564322735336283,41.1846519035131
1699,23.249858865005166,41.23295555007969
1700,22.8904076027411,39.82446753326666
1701,26.11835201798899,43.172888251024816
1702,23.523763033066086,39.605155476350305
1703,23.282737730087135,40.09686405527677
1704,24.00621234996629,38.703910888158056
1705,23.066050099331072,40.021306454375555
1706,24.457810283090335,42.32971922687113
1707,21.757634023808404,41.81698208018951
1708,22.60389016663684,40.74279787528411
1709,20.82076488993472,40.894482172820325
1710,23.056395776702512,39.98755363777783
1711,24.447267394771462,38.56835303179003
1712,23.57515753107575,41.12650338364366
1713,26.027888948941168,40.864006811433924
1714,31.064649904567336,41.9598677077953
1715,28.981401732505972,41.32977735204906
1716,27.503900265205544,37.94448724384495
1717,33.096098299545176,42.32978643991353
1718,31.91857592086572,42.0739019500775
1719,29.87733767236566,43.1232454061743
1720,35.018114433878914,34.2746349282169
1721,-46.70396124345559,14.629799896433942
1722,29.333204488225363,34.17071625170006
1723,32.670741978773826,41.497999369046504
1724,33.54188579329337,41.297439651064394
1725,33.073673437482526,41.286593894961996
1726,30.2821167418616,34.274918585565146
1727,34.582761061224325,41.790646668144554
1728,32.055999066604706,41.354816359920065
1729,30.82005357642098,34.277440362781796
1730,29.528957997558628,41.60962098171782
1731,32.03916213196416,41.810088505914855
1732,32.227659882102806,41.938406532211154
1733,29.921978972056717,32.94794081314551
1734,31.272476428244666,41.956156018451935
1735,29.744216004478734,32.72709255659576
1736,30.483127437195265,33.53128540557422
1737,29.983446955017634,32.481991864416
1738,32.35797478567876,34.00119475396629
1739,30.781419557941994,38.200070456808795
1740,32.15844902948397,34.79497990828754
1741,33.01857837584066,42.23384209399394
1742,30.259621514170675,39.681741060293106
1743,30.035781253409645,32.63505781536416
1744,29.75974855195751,31.976897212020965
1745,31.86224939107329,35.64058064239951
1746,32.08910057354623,41.16321414859697
1747,32.88706820817025,40.77099887103545
1748,30.310654352964317,40.24698138642934
1749,28.185168130954683,38.41591099439388
1750,31.869077987214137,41.07442425623007
1751,33.67925156343656,41.260581101405066
1752,30.64483297973883,40.36561470551166
1753,30.619712389824045,39.65506711500113
1754,35.526834873162706,38.027797093587054
1755,33.42745338503625,41.2080850057766
1756,29.86584903853321,32.8672221134594
1757,33.20803692404128,39.05555196491462
1758,33.89520640379928,33.340440934761254
1759,29.374115278771036,39.71992652682773
1760,28.18722429096511,33.77526672759251
1761,28.969479031595878,38.855883326098024
1762,28.4588475439829,38.56410021273083
1763,32.607603604875365,41.25283363940346
1764,25.273447127964182,35.271149665404174
1765,31.72772352945587,37.548662650849884
1766,32.201891638395274,40.24138275373051
1767,26.976895536481706,35.89181369409919
1768,31.822136714105383,36.688021153341026
1769,33.86315962767326,37.64751921425747
1770,22.90146724945063,7.072861627430582
1771,24.59612510841743,38.094729760364324
1772,20.790476860136952,34.14052114711735
1773,22.76360818529587,34.98498425671255
1774,24.474837909652287,38.22148045829809
1775,26.135126428771283,37.21748468901948
1776,25.229023893322598,34.410436850408864
1777,29.900938731723244,40.46849880515583
1778,26.960009647749725,35.98670203293385
1779,25.720557992757996,36.9990841970116
1780,23.168497052771198,35.282812925148505
1781,23.25434112838695,32.91792370375384
1782,25.202790323094426,33.131630695579354
1783,25.25132528388463,34.55469423627218
1784,22.526495824349663,32.004244828595375
1785,22.972126061446442,35.547423182549096
1786,24.26435213544067,35.05766717005422
1787,26.06553379622814,33.256309581221885
1788,22.59956554156444,34.755946922105004
1789,23.036396100361504,33.07026413993822
1790,25.997377473259935,34.26542740907168
1791,24.311978704493317,37.3347185727048
1792,21.02762309132377,33.32185022128792
1793,25.313598343715576,33.18718708919244
1794,22.602511466020967,32.618841917883685
1795,22.733154945776917,33.80911503968085
1796,22.52635862249203,32.30116301342557
1797,24.097042469867453,33.88956273314716
1798,23.495336600424114,33.925253280123044
1799,23.727503830662105,33.37142041737853
1800,23.80095317831542,34.47578752130766
1801,23.591222694520667,33.6035529704729
1802,22.411144018065126,34.46260546950648
1803,23.66844611783659,32.59553273263116
1804,29.81969638542331,37.09348596768091
1805,25.40400049408816,34.29054026075386
1806,22.679640042714386,34.411817116928056
1807,23.41054370743456,34.38147396607816
1808,24.77879933088156,36.26876939962387
1809,22.62944195709037,36.41867360893653
1810,23.940307692161863,36.56082259613141
1811,24.280506889200325,36.568775389595515
1812,25.572977365488693,36.116037901496625
1813,23.860936687800404,36.54402748585395
1814,23.45200123896335,36.53554994599413
1815,28.24024894345811,40.01885667217334
1816,24.106515576287396,33.7787414442114
1817,23.847107712487702,36.53350722470555
1818,23.382715369812356,36.11059389941616
1819,23.12119904328364,38.15437744190892
1820,23.079210932592822,38.33872768927295
1821,26.801685332476232,38.198874960973875
1822,24.725773605086456,36.298460237867424
1823,22.840279623744372,40.72879374098369
1824,23.265480382588684,36.66743760407367
1825,23.61020955945758,35.79741170859907
1826,28.812508114350802,36.257307266218774
1827,30.103557886286204,37.13746119617434
1828,23.64088441007652,34.1143430898581
1829,30.49471676143557,41.08605335089666
1830,30.164747744390233,34.19729894733622
1831,29.911091115897097,39.65721597346955
1832,32.64917113738736,33.974515695999756
1833,25.519888397728412,35.95624220987637
1834,23.226609794588395,35.66462241450527
1835,28.57227445873607,36.71548937321518
1836,24.220316994965366,34.84972437827129
1837,31.945104005038583,41.21627770751512
1838,23.97235274831085,34.24617102757368
1839,23.786093005457126,35.74797692655667
1840,25.86630238850228,36.527791860826554
1841,9.452443101340139,8.19635208193038
1842,25.362383278546183,42.42935478784913
1843,33.72896994151248,43.95342446472431
1844,29.33319874851498,36.14925908580834
1845,21.101571667488486,37.04742539101611
1846,25.4894285201945,42.09138995456664
1847,20.9386800591965,37.91701801150435
1848,32.37998608971099,38.79561441255175
1849,27.930269874055927,38.66267649789879
1850,31.02663624925936,42.86195471785748
1851,36.496196660645516,35.977643584737315
1852,29.045830561707128,41.865959600687624
1853,28.2589170580561,37.484411458843354
1854,28.9392836728746,41.565021528410384
1855,28.88003643298487,41.90554477138952
1856,29.50233822617896,43.26951611906993
1857,27.226544186042005,37.27971479193701
1858,28.937625222049196,42.757043318924104
1859,27.554645961229564,36.42713784200472
1860,32.25397629764038,40.425322661970455
1861,27.103808316111856,36.11024656083983
1862,14.945178551770123,38.545893503708236
1863,15.094484450485643,41.85142382764285
1864,14.887401275795831,40.937278413348466
1865,15.404544585366695,41.136427187593526
1866,10.813000071556576,34.918344025366395
1867,14.60833755450912,40.61244725488903
1868,14.005070574597076,40.99837170491643
1869,15.972181639749957,41.993707366630936
1870,16.304191011450545,42.24872520862478
1871,14.445496041684857,40.16413228844635
1872,22.82254626194934,44.28080721156912
1873,19.829659466648657,40.302453651322864
1874,13.011142499371497,39.27419038948456
1875,13.116527005314472,39.283030260335174
1876,19.19090395716658,38.19024717575824
1877,11.524799831243888,31.86890771768277
1878,20.093114216245525,37.29790559214663
1879,19.26051978936687,38.70435975125338
1880,14.377140495295473,40.2192302293715
1881,14.75865283697006,41.84454624273841
1882,15.023524114075858,42.00319223680066
1883,15.033833403524492,41.16882371772236
1884,17.312051697118168,42.02225473310827
1885,15.752509472812363,41.74702643869137
1886,16.010351186166815,40.372094140838996
1887,19.34222582919817,41.27174321652752
1888,20.898904646165043,42.838413236248364
1889,20.982525777646607,41.584335454747915
1890,17.94275364488323,42.10588120456106
1891,17.726490480129186,41.09056142431591
1892,16.02682385136151,39.77637030918623
1893,17.767550458930778,42.12081722109357
1894,17.568347865105075,41.91849422452538
1895,16.938112005632465,41.16888318543837
1896,15.688262378219141,39.42341001076218
1897,18.181763874213893,42.30844592005504
1898,18.854926862065415,40.7568321863329
1899,19.573770236518246,41.0558388509194
1900,20.604219944054673,42.16808916536078
1901,13.885127024033759,36.857883356919
1902,14.89975483085172,38.43118327929305
1903,19.430306316613386,41.3164389996953
1904,15.151632787717144,37.78634022266183
1905,15.866631208805169,40.488654276511824
1906,17.171966577060363,41.043828550182084
1907,15.801975760002504,39.73486549789567
1908,16.429831086975312,39.65078409885447
1909,17.699472977452167,41.94840592647692
1910,18.715027766390936,42.42003224360158
1911,16.04237199429913,40.18923047732284
1912,15.83693071599705,39.6238420859097
1913,18.095079185759186,42.161113590753374
1914,15.87051321031582,41.746896916880715
1915,15.871180810774092,39.74678597905298
1916,20.564112785057308,42.08947861710298
1917,21.933094941827047,41.336621976251045
1918,19.290034450927838,37.7307654772179
1919,19.44429580905182,32.57581968194279
1920,21.789985577744606,41.23586254950273
1921,20.91067340601427,40.95473985603857
1922,21.244898616018965,35.23045976577631
1923,13.812877389745077,28.681087245561404
1924,21.932326054528858,29.195614060017082
1925,21.977086628800986,29.244314843749535
1926,22.028649786660804,30.977056643353116
1927,21.90653922597309,30.491752089106143
1928,27.85515605081251,35.04979028105085
1929,21.07953262907008,30.53354544026236
1930,23.025563731781162,29.420668345808714
1931,30.035768645743392,34.72970288754693
1932,29.834444668428933,33.73402887190861
1933,22.28892328135557,33.39494733906679
1934,33.13443773409653,39.76173456347512
1935,21.236652462909973,42.73436491891426
1936,25.08964010180709,45.09630734593719
1937,21.59084589450229,33.224415679545544
1938,22.27464422038852,34.19236491484582
1939,26.13729622283013,37.80229299488457
1940,7.2908550203501274,29.469876805964365
1941,25.949874196577728,45.23235601153264
1942,22.13976862760816,42.734369414771194
1943,22.34013373459441,42.688189430923714
1944,25.127764313547672,44.996263581613064
1945,19.86066799170098,34.18503623768112
1946,22.090045597752923,41.40133163486614
1947,22.640865290215377,42.87599053865969
1948,25.743330850036955,40.271546314346104
1949,11.414980083116196,31.647691456936485
1950,3.2321778374207786,7.263446826706084
1951,15.552277709975913,-0.5371573364338483
1952,-3.6130229273635623,21.064802922189326
1953,1.902529026790401,7.287372164276129
1954,3.449560293453943,7.68439862734641
1955,5.147228365030823,8.37085444387127
1956,2.411754533791194,5.386245485979353
1957,3.7750878670736845,7.8818522489681175
1958,4.134375872239921,8.76499594397595
1959,13.794977929479868,36.7394795816799
1960,2.8230484625986665,6.3346818886138205
1961,4.6261066445541426,9.255549271444066
1962,3.0447704205568833,9.106171343576332
1963,2.9242944597872316,8.923694413102789
1964,3.223118871382023,7.768639912708596
1965,2.974883577266872,9.00301239932233
1966,2.5644623385409604,8.670013424113327
1967,5.245125837260123,7.333223610668496
1968,2.7785796906666764,6.477499646014601
1969,2.8939951330882896,7.04938866091887
1970,3.1835725794327283,6.358573226218215
1971,1.5983332575526388,7.516196067528012
1972,3.4654943511581457,1.0907263007330732
1973,3.880113341686376,4.534383621346381
1974,4.538280671826626,3.4684374218574225
1975,1.4195200861204518,7.310491199466575
1976,8.462555038037225,3.2071459872865695
1977,3.9104947022229775,5.686821432144627
1978,3.7795470839899594,4.420683969389139
1979,5.017196182358928,7.075777296543873
1980,0.7028089082535361,2.6009179642016456
1981,4.254830816581645,8.733742093023524
1982,3.5743501965380147,7.706457791472473
1983,2.7781836675481304,8.279056631473024
1984,4.688624720060091,6.8016098212763945
1985,3.1482810400114847,6.1589361473182525
1986,1.5813464947410796,7.314090590238457
1987,3.209409669156543,4.395356455382768
1988,3.2463396219594793,5.940026785548463
1989,5.326312417179312,6.066790190763505
1990,3.0340332097519815,3.012430992854085
1991,4.882946834226413,3.679292005313616
1992,5.135892134213259,8.37385531522359
1993,21.04291148833862,31.41554610521354
1994,4.940610218260919,5.38351723857628
1995,-2.0338308224056347,2.6416309494382677
1996,3.669002009402473,1.5606952126200324
1997,4.90440144132263,3.1657914929689897
1998,3.9098537152149553,3.2556332808757933
1999,4.048276653979999,4.44557483067365
2000,6.1749604770043245,3.1042267489632054
2001,3.801987818503274,5.041104230161669
2002,1.3517941457609315,4.156263487521036
2003,-9.490945630593698,5.0894054101526365
2004,-0.765898309293228,0.7835682807138513
2005,1.612694510263608,4.1376738174589525
2006,-4.227530214837321,-6.954948962296861
2007,-0.8655439692826239,5.83244476306837
2008,-1.1787165232281216,3.986574918197385
2009,4.426857862257873,1.3712271579876765
2010,1.3074183242703705,4.136999281750546
2011,0.09529521906287812,4.757269003471157
2012,-0.6982906276069036,5.693216773576547
2013,-0.5234802668920433,4.332380791627394
2014,-0.8048001786993073,6.094435489317364
2015,2.322244749226449,3.113840525182764
2016,0.22930448169795753,5.610339910355521
2017,-0.3845517561689867,4.449432868331174
2018,0.23182308310920263,5.703155576251699
2019,-0.7466469351634407,4.235350507996869
2020,-0.399406989623277,6.596529972294994
2021,-0.21694905152164382,6.2930019776661315
2022,-0.584854154317139,6.2082039458225236
2023,0.09889416516303888,5.550176107751118
2024,-0.9734702076530304,5.573644346227807
2025,-0.13430138435029443,5.040844145099862
2026,1.7868731861739398,3.859527738568132
2027,1.8840406878798615,1.5407970202723995
2028,24.02930827059358,-1.144503137592324
2029,2.6866153477758283,2.3688291840874585
2030,5.417949990072494,1.4778678690721896
2031,4.427531640438179,1.5153286889621334
2032,3.11627025316642,2.9650674523374634
2033,3.9195608578614602,2.6745090384415313
2034,3.8575002163387824,4.129416686574444
2035,4.500479983442117,2.377813350396898
2036,5.223341023307311,1.4160731667972644
2037,5.350624494689591,2.982963473925831
2038,11.82237262298867,-1.0407872029837626
2039,6.034548466245148,3.8742457656573417
2040,3.302160038505379,1.8175319521569562
2041,7.735539751685006,0.2290840187924402
2042,5.828632767207015,0.7031259986657491
2043,5.291244893709645,2.623227708509003
2044,6.018735923776535,3.3775547776605386
2045,4.723735432196948,2.77946298566684
2046,5.037048498488713,2.118833990696453
2047,5.290004518172252,3.6859058372466094
2048,23.712680123179943,-1.1534409408632662
2049,2.1163070208910573,5.2901457691826
2050,3.7125803173394374,2.2852001652148046
2051,4.080762756875125,3.5651957151259484
2052,6.896350242499639,3.28628258572998
2053,6.734873830670617,1.6300198281637455
2054,6.468394885725556,2.644726952741263
2055,6.623845833955957,1.6746495050653027
2056,6.616473306848208,2.957094200767114
2057,5.506476480964296,1.6219668721011027
2058,6.938003442845341,1.7371751124888535
2059,6.284426865394533,1.8374091995826132
2060,6.574362553941483,2.0476041650993735
2061,7.542877558581746,1.6443603385075871
2062,4.835550142260026,2.949383743782165
2063,5.5974711752508455,1.0557011258984477
2064,5.668336052178431,2.258209366906066
2065,6.018711361562121,1.7438275641018377
2066,6.016887836000874,2.344218034100337
2067,6.181076297767172,2.5593785245269807
2068,6.317377067996796,1.502670257131161
2069,6.429992506440333,3.0443372098266597
2070,6.220833094149585,2.5890653074183745
2071,4.483420423397583,2.1281969581637274
2072,6.337145162229037,2.0080034393181574
2073,4.186026490283982,3.2217147503839785
2074,5.2703569865757425,1.6009289632352748
2075,4.36796289035324,1.5547974494707935
2076,5.258992936513183,2.005823841009916
2077,4.332992368335317,1.1195153631635597
2078,5.365362632515276,0.9649080395563967
2079,4.260499033147759,3.3281617955576195
2080,2.569386730762671,-0.6340085134834879
2081,5.106084758979093,-2.264639072300042
2082,6.1868218886046655,-0.4803196579214176
2083,5.466786435655562,4.508899632907936
2084,4.646394326715174,2.4596252927155717
2085,5.072277943105698,-2.4812756941219223
2086,6.771954051197576,1.7343481679660742
2087,13.662820201240338,4.039486234762751
2088,13.650524250932419,3.3197643515645816
2089,14.05169074521799,3.6626029833031137
2090,13.642126009012339,3.8707422967850347
2091,14.259197920396797,3.3402711727643513
2092,13.359218622351785,2.8274518513908298
2093,14.138595318453056,3.3585924161543583
2094,13.585222176841105,3.7338380411142102
2095,13.153631763135472,3.6431191097864706
2096,14.180282842545884,3.363784214677693
2097,14.268363788304713,3.207178649850924
2098,13.589016760949818,2.957179677778223
2099,13.283625309678564,2.9000898016733228
2100,13.57751321217803,2.155402656571925
2101,13.168822367146833,2.7086236744187158
2102,14.322623078824424,3.89860008641963
2103,13.569767795979963,3.7636506803032073
2104,13.663861086432581,4.080731548397856
2105,11.897814966382002,2.517432246905889
2106,11.974906339811128,2.5296595110663245
2107,14.38557363599424,3.227302638969697
2108,12.994945269045374,2.514397585325603
2109,13.26181045680046,2.522595928451287
2110,12.451540185832958,2.532342288810036
2111,13.174917900160688,2.5347683374096612
2112,11.631411077974509,2.73543815076382
2113,11.411254826676297,2.816582268013492
2114,16.323327239012244,0.6760929538858597
2115,14.208327554363647,3.5118958776294353
2116,13.697711775346338,2.9136697170125783
2117,13.502964312878808,3.4138499717010733
2118,13.132377686456817,2.5750973304391254
2119,12.017405399281921,-0.75259126143338
2120,6.13359029629907,-1.3442044635477715
2121,10.178298207742495,-3.1159056944218984
2122,17.10507048777135,-0.8123766333109081
2123,17.41476699162002,-0.5291483407343264
2124,5.77990179782423,-1.9172083699631148
2125,18.88212074673373,-0.4673140711908829
2126,17.501425572904317,-1.0680987165084261
2127,15.993447562298162,-1.699134695194313
2128,17.277531830585172,-0.1980439945998226
2129,17.615256879446534,-0.810414737287044
2130,16.78098481223662,-2.0259145093295055
2131,17.351739113502518,-1.4168855469552981
2132,17.18089376930008,-1.195915975186258
2133,17.383039497670232,-1.975027696221046
2134,17.359098129385664,-2.1874210687584537
2135,16.898284193838894,-1.7405358198550933
2136,23.931278070098237,-19.719067032477255
2137,18.270119313690106,-1.544092976791705
2138,23.59905620091237,-18.1827573264606
2139,19.06094993395327,-1.651185791151307
2140,18.3590181822532,-1.113974968492752
2141,18.89736646377707,-1.3822710017239557
2142,19.608653311375917,-0.28400881330797434
2143,20.208812671628184,0.8741956601432103
2144,21.361286281251846,-0.19288406141250358
2145,23.654582127072658,2.4010843546331957
2146,20.437319573300506,-6.3899032497851245
2147,21.049796093439802,-5.35733980979741
2148,21.06847641095259,-5.320201335556668
2149,20.316124058154536,-5.7724109330787865
2150,20.037681440079282,-5.754768900648856
2151,22.252748742368333,-2.5804498275133363
2152,22.354671046050754,-2.3012049612803427
2153,24.176370149367187,1.79191263836527
2154,23.77231885684947,-18.762540932396174
2155,18.86543654710721,-1.5874956967017808
2156,23.916019700892086,-19.25330502436001
2157,23.90615638789515,-19.184015794094996
2158,23.92924030314876,-19.50090587835028
2159,23.91565907993425,-19.662250635951377
2160,17.920578366862536,-1.931373719206406
2161,19.081447073889056,-2.0110905486024655
2162,17.581407257517885,-2.3568437237414126
2163,23.862124197788788,-6.743740468558046
2164,24.158928865528907,-6.032121286199756
2165,24.235135209205332,-6.227968967892206
2166,23.665465830985536,-6.335923380971782
2167,22.764458935914735,-6.112997766605972
2168,24.23324188051217,-6.207250042830827
2169,24.06784592111456,-6.075003049564671
2170,23.987205967908906,-6.04272535374703
2171,24.097762624991542,-6.16560761921681
2172,23.747677579140305,-5.868967174979398
2173,24.825796229094905,-5.928926369518612
2174,17.77647390330493,-4.255326075856224
2175,24.182433180903402,3.0933885977059794
2176,22.12950074787236,-2.7167268767754695
2177,27.818601704885722,-21.089232193422735
2178,23.189518154597973,0.37744903326813933
2179,19.45761775918217,0.11521100779902702
2180,19.743186545849916,0.020745328856510967
2181,22.150549113381892,-0.23553700974271216
2182,22.566294682499585,-0.20974670990688854
2183,22.281377606054374,-0.14900193789144983
2184,22.848106934434096,-0.6735774272184611
2185,21.452048892737935,-0.22124600206614914
2186,19.573163660449275,0.007422520199594081
2187,22.650328663984233,-0.5857105844878591
2188,22.771572811865042,-0.7904884964612695
2189,23.046956898924954,-0.700672827333858
2190,22.525539984404112,-0.8104613381447648
2191,22.786952782348347,-0.855845775435777
2192,22.17502929486368,-0.31761272531829243
2193,22.77240702965573,-0.7421540237342064
2194,22.622488389437656,-0.8347540894218182
2195,19.943739360744974,-0.09966394628322246
2196,19.929943933111353,-0.4982310057196983
2197,21.141667838293454,-0.41758955241508894
2198,21.3195406384723,-0.594665838522134
2199,22.6084535806434,-0.774477273779819
2200,20.981657397404092,-0.21116182043248632
2201,20.51757276233336,0.02212659329088897
2202,22.7757061702083,-0.5994948997532592
2203,21.950924391870622,-0.7026506483561252
2204,21.821747218988122,0.2689327592663155
2205,20.985617637649227,-0.22649201309497682
2206,21.28515934750458,0.22196106549579814
2207,20.271449357415353,-0.17245578845577755
2208,22.075484477843,-0.3928346643686045
2209,20.26489228250227,-0.7533669606353114
2210,21.554932147651353,-0.3745194813076748
2211,20.988467240075753,1.2382544582840005
2212,21.471861674380182,0.4356869189127031
2213,20.856702509210272,0.21952393909246445
2214,20.71612690160162,1.324999441250161
2215,21.79508068858904,0.5864910331402328
2216,20.025246428414306,0.30071339285145077
2217,21.058053036868046,1.2453261019165498
2218,22.7469066442295,0.8299278626395384
2219,21.796518784861295,0.6947315386857817
2220,22.552228909391008,0.6392795336453228
2221,23.22586633131539,0.9586731966976794
2222,22.90556346370589,1.1417446106566282
2223,23.586609126037043,1.492613096959091
2224,23.82491139220685,0.9331890382586503
2225,23.61236323430385,0.953343214904936
2226,23.828061980012876,-6.416403403189542
2227,24.19443560797641,-6.267253500721229
2228,25.76869158362223,6.561439716733981
2229,27.495395844829996,7.463890746679139
2230,25.19853083367201,7.136953728535473
2231,16.323941874290778,-6.019720060465831
2232,24.24129823366279,13.731982303183328
2233,24.277575930739907,13.272405947108805
2234,24.32218411937919,13.073617319185457
2235,24.837606418975056,9.450633621008633
2236,27.233481040419836,6.814524309602272
2237,24.312248540859727,10.943829786809815
2238,27.172369218973405,6.921560024083336
2239,26.29244214747788,6.088012659493502
2240,25.472766052794913,6.536816236301859
2241,25.754950143444162,6.027287215093993
2242,25.167144278539233,6.431982565012247
2243,26.084057275631046,6.619603696837346
2244,25.571989411216222,6.157817569527316
2245,26.12102236838594,6.231112421531036
2246,24.82350650815408,7.60510245593089
2247,24.726801622844594,7.094670737726388
2248,26.628220739017983,7.699386739461418
2249,25.39021690613718,6.423660440871461
2250,26.784683553802672,5.880276416689268
2251,26.461323600710134,6.108506328937485
2252,25.268280837450657,6.044948894168324
2253,25.111527424482457,5.949289229184948
2254,26.237501252929686,7.412403017810574
2255,24.712705736900304,8.500526761931965
2256,24.91658846842484,8.27313658827737
2257,24.323722036165943,8.491126070480524
2258,25.693908572986523,8.147351193734485
2259,24.43098774193403,8.679672654131357
2260,26.02419176640038,7.781620066078158
2261,24.93694396209268,6.957341228287952
2262,25.82924274247517,6.403584210706679
2263,26.56911006360548,6.029794974709049
2264,27.01173626308041,7.477798022449565
2265,27.0473234638781,7.554806774434561
2266,26.70164960149277,6.661444365431917
2267,25.279316206053544,7.869524741454596
2268,24.696413804909348,7.974913288086138
2269,25.09695342831093,7.809814273227954
2270,25.887938730900526,8.06310983692487
2271,26.874336758109457,7.8675120251202335
2272,24.637015966363634,8.424732820970434
2273,24.746666170645526,8.339268974055816
2274,26.615222649882174,8.460529912485505
2275,27.005844880077014,8.222933514976285
2276,26.075782545982303,7.95337634432285
2277,24.578255760882893,8.420327828893848
2278,24.392233884722618,9.564964530618727
2279,23.935604247788707,9.391896499885833
2280,25.61920602911949,9.468929213320406
2281,24.737084926265272,9.050195017860327
2282,25.766171433846555,7.564291383897701
2283,24.65471215160726,8.373114145635336
2284,24.881947939823092,9.711023008000854
2285,25.29397733366224,9.54850588004971
2286,26.18139210752052,8.438803379093434
2287,26.15044427673261,8.07191563869247
2288,25.970149210005054,6.985444068332635
2289,26.246808799184574,6.932833141805183
2290,25.034004046519893,8.908093501734578
2291,24.448023831115446,8.824060515335233
2292,27.084331875387665,7.527491642141118
2293,24.736358384259866,7.6660081218909735
2294,24.47913689424668,9.662962975279418
2295,23.026791795571718,10.59639848666458
2296,24.67574546700973,10.599058714647208
2297,24.261887472863556,10.569747323470965
2298,24.383396108811226,10.943938015223791
2299,23.950357437686588,11.893116171617535
2300,23.746541609330443,11.350711277725638
2301,23.19030309699065,11.10156814356022
2302,16.4196839158865,-7.116338608624548
2303,24.47671556953249,10.209321927744877
2304,24.011772095501726,11.585316475596771
2305,24.079450006599394,11.907995518011198
2306,23.044218202280906,10.986229233794612
2307,23.877855096367327,11.111729014855756
2308,22.980075356168456,11.046633153619785
2309,23.336459023539252,11.104214364945735
2310,24.168061750768402,10.8425955359461
2311,24.40212220787529,12.156034403540108
2312,23.411251461773684,11.274240172198112
2313,-46.3471121820127,15.079727287601687
2314,24.260762231182486,12.244548715900786
2315,23.122759811248756,11.035547568559604
2316,16.40168896837582,-7.042847582000611
2317,23.490584069418254,11.32543724178373
2318,23.727509031150895,11.395416957788965
2319,24.04813370991469,12.2239317592834
2320,12.526927140505544,-1.5980922417130585
2321,16.11253738560037,-4.031671656278312
2322,12.52773857627781,-1.6897283749681284
2323,13.599762166902995,-3.9717262475694666
2324,13.664290096883594,-4.5333009160681135
2325,12.549564924340599,-1.6949963687072063
2326,13.957441420728653,-4.59827275514348
2327,12.395390462127791,-2.5401343582409046
2328,19.722803369430043,-8.560268307243103
2329,19.86919550505592,-8.52560216719291
2330,18.707377825027745,-7.56005295408467
2331,19.57272723615746,-7.518168759450466
2332,18.393173997860305,-7.4641769808120815
2333,19.88476682366744,-8.610409003964703
2334,19.760146458333335,-8.304958167900125
2335,19.705660188025202,-8.460928979063297
2336,19.985331400468834,-8.358010692154577
2337,19.72581399908601,-7.354085209068892
2338,19.56494911255804,-7.37002695101371
2339,19.63196978828931,-7.814104877400307
2340,19.59504081181677,-7.4463248126981805
2341,19.125555251323128,-7.044431466665627
2342,20.67461534941472,-7.724007484168907
2343,19.27096553231657,-8.44112836258505
2344,19.76039546343661,-8.002888766392767
2345,20.605846900144915,-7.444307702958801
2346,20.205961834712124,-8.214132471175672
2347,19.339210149729816,-7.78016367591048
2348,19.393848863823198,-6.751531671571866
2349,19.524900136261017,-8.950077286166614
2350,20.56423463978642,-7.4352740329167295
2351,20.293679967616868,-7.216657499502189
2352,19.00595067787192,-7.328807817072064
2353,18.7779670989025,-8.095986129960586
2354,19.64704049184606,-7.2747587259095035
2355,18.716727719815225,-6.173904292667992
2356,19.57005235138856,-7.447952868600728
2357,20.235164907692845,-7.201092873798698
2358,19.561334753899363,-6.589851353691801
2359,19.077446666254016,-6.9375515137048565
2360,18.94850604312187,-8.22016566815446
2361,18.5415007290803,-6.68705371949923
2362,18.82625716120268,-8.536326271292726
2363,18.548230400958484,-6.886738951576372
2364,18.74770857170164,-8.637756369002684
2365,18.587691016139424,-6.916766495835516
2366,19.265141756077586,-6.57308948896007
2367,19.12704924593997,-6.5233239295529115
2368,19.629551735500225,-8.913909872439636
2369,18.04083355338362,-8.621096962565188
2370,19.907402220403597,-7.014635084883293
2371,20.402525015598094,-8.818547295041265
2372,20.35094634998777,-9.089768317652137
2373,24.065080776079956,-6.17530625528274
2374,23.55142307013577,-7.577523985862211
2375,23.631151199605466,-7.315017604343728
2376,15.687471465895218,-5.8284080466075805
2377,15.304182884013985,-4.840666603901151
2378,15.173336893921821,-5.079629167887538
2379,16.569780728275425,-3.6378431019923934
2380,15.778673482394307,-2.033304586911827
2381,17.084547043668817,-3.2403329936593166
2382,16.223303327629665,-3.236447005540749
2383,15.963862432807618,-2.682740088920075
2384,14.567824518352984,-2.976904368826686
2385,14.530152231442784,-2.566829059259671
2386,14.13339876516892,-2.954985928741429
2387,15.39456684299023,-3.1946819162273186
2388,15.202668577660475,-3.617879089456612
2389,15.025689240390884,-3.4712854573205814
2390,15.385366856989753,-2.482663255724788
2391,15.403544500455011,-3.206392300120668
2392,14.724581491532398,-2.5148620871034963
2393,14.1962124843838,-2.851008094957988
2394,15.344119650277134,-3.4131511015013545
2395,15.140504862992017,-3.3541286606167704
2396,15.438170085868437,-3.3459014526382758
2397,15.512155834212436,-4.589557172239022
2398,15.596133581916442,-4.096223840400919
2399,13.087691772393521,-4.30724066949615
2400,16.823487223491057,-4.243451899827256
2401,16.845797605990327,-4.880237899439078
2402,16.35619609032529,-5.05258019855483
2403,17.189945748449293,-4.528728022178369
2404,16.982397258771154,-4.972121842860321
2405,17.260203168624884,-4.670266377247728
2406,16.936940882769527,-4.95718751631662
2407,17.196193847716533,-4.7224712800449895
2408,17.220217457073748,-5.158820829867143
2409,17.320030816598994,-5.315488704488573
2410,17.824127595447802,-5.648525796488762
2411,16.503691075202894,-5.7860896105040505
2412,16.110999975207722,-5.317855137498337
2413,16.57295902390717,-5.971864386478591
2414,17.052778563363493,-6.38599493343913
2415,16.879920036636186,-5.614241677685703
2416,16.317585949368247,-5.456199461244538
2417,17.791067344349624,-5.576752018596612
2418,18.49111349107488,-5.917237737317253
2419,17.438786220645234,-5.3613801663863825
2420,18.127884742378242,-5.730750217646888
2421,17.34498356319962,-4.7579728547839535
2422,15.749013774536948,-5.257412195555418
2423,19.743857653444994,-6.2581270240873925
2424,14.0453770345896,-4.599601139466194
2425,13.733611447737676,-2.5935827699854133
2426,-0.4302978359040912,-17.32062145481693
2427,-18.242292411486236,12.210413596419937
2428,-1.434113842753947,-16.364159980953733
2429,-11.346102990085269,-2.9979225525364694
2430,-1.3184093371538204,-16.498698004149542
2431,-17.92107049550552,12.582642082845695
2432,-0.686296002161769,-17.215434646290785
2433,-17.156182273236332,12.333874674242017
2434,-0.8613073153529918,-16.836938305587037
2435,-18.188581341378068,13.240750690173844
2436,-0.16557496760437018,-17.322454801682575
2437,-17.837619168171116,12.561924698155329
2438,-1.0021996613634672,-17.02475694226043
2439,-17.414157335441544,15.90820919986015
2440,-1.405793236775234,-16.4656506627634
2441,-0.9826049504958086,-16.944322980996798
2442,-0.9884604300561016,-17.013211853944384
2443,-18.009833698991244,12.387784618779493
2444,-16.627538394427912,13.167901052066636
2445,-16.528378116604692,12.711787576552636
2446,-16.48300278993585,13.00108689436654
2447,-0.7271252469582988,-17.17883084336748
2448,-18.416180572252053,12.383226565398282
2449,-0.5824922936246777,-17.51082218171081
2450,-17.53638488239761,12.71432238192378
2451,-1.3790824341089938,-17.203162725005573
2452,-1.25300745284252,-16.91711751769462
2453,-19.60673577498858,20.866724158930417
2454,-1.0205434830313127,-17.075331375177743
2455,-16.444189121902756,13.314694549908761
2456,-17.41654034979953,12.471827634095037
2457,-0.5629894100941355,-17.292824099175885
2458,-18.05613961129647,14.083276652331662
2459,-7.6432173479269805,12.553550583667581
2460,-10.425064918356934,8.256355471096214
2461,-7.940655749007295,7.839974674241164
2462,-7.868011166372801,8.469059130121021
2463,20.58812564238329,1.7603088931709971
2464,-6.063030761128353,14.407670488377853
2465,-7.607785767799038,13.116968483721873
2466,-5.9421945546068216,13.243078663500974
2467,-9.701216764764657,12.88374321474388
2468,-6.5127034972674664,14.464635019216736
2469,-6.2968078281158215,13.652078890683397
2470,-8.094761061251704,16.54524590930992
2471,-7.660195731659202,11.965803398231804
2472,-5.729403200496732,11.901763362118674
2473,-5.948275347963256,14.72923261934527
2474,-6.56825727590089,12.8757981481229
2475,-5.090726548474101,12.242696944271268
2476,-7.252630151824286,11.254453316912292
2477,-6.733582481893259,10.97207056357757
2478,-6.974735875462027,11.296547754113114
2479,-6.216025136229206,10.276101024450645
2480,-6.894679931018062,11.339950428678987
2481,-6.8526169958775816,15.28710473952982
2482,-6.902939305441088,14.706536640539193
2483,-6.757631604675632,11.111603612452294
2484,-6.129156722750583,12.476559778602619
2485,-5.310931307461062,12.870449794021004
2486,-6.32440281494295,10.697745168372174
2487,-6.465915175629151,11.987333813222216
2488,-7.201358285346205,10.230070109187091
2489,-7.669278316838224,12.750417609276964
2490,-6.778714984054525,13.155807425302608
2491,-5.944558742458276,12.882910598211978
2492,-8.678275868776229,13.066347873934864
2493,-9.502731021308255,11.782997197688832
2494,-7.834887330169294,12.911846837803688
2495,-7.143244440773542,12.728855750764819
2496,-8.513393297117785,12.907016552950427
2497,-8.206791282674095,12.843879020417818
2498,-8.232540152818821,10.546987803358103
2499,-6.853580068418228,10.472931017462244
2500,-6.569940255642259,15.11703574161706
2501,-7.141075258652055,13.21751679734741
2502,-9.438862853811523,10.807912489043492
2503,-7.750264927716812,11.229980871652565
2504,-10.09136515817409,11.328689918734446
2505,-7.796093854867123,13.71372954376231
2506,-8.412585683677314,11.011244622994434
2507,-6.967749330079673,11.602155664159355
2508,-8.438323474091156,11.95567248801442
2509,-8.800860240331103,10.67167384704407
2510,-8.100207166500311,11.109160878700159
2511,-9.074675337476615,12.903269886093867
2512,-9.302800960053213,12.434899424437873
2513,-7.702402460289175,9.311724553201584
2514,-6.326369657337769,6.643637572457263
2515,-5.403298141401434,11.58090517135191
2516,-6.277557742259428,8.188877523595158
2517,-6.089334167190074,8.322450290099491
2518,-6.250858031977671,4.990424914433923
2519,-4.534690339047087,11.219099787037472
2520,-7.983733424994272,12.677938550992085
2521,-5.995250542692683,12.02947855024225
2522,-6.623001552541716,10.395822304099635
2523,-5.429049879463831,9.43693534314017
2524,-4.963625374522569,8.858696145578554
2525,-6.447402743383782,4.284786965734242
2526,-7.687953075803446,11.170600651620148
2527,-9.137509470095875,9.52481953894136
2528,-8.982484391294161,9.722250417789942
2529,-4.673841029039717,11.678815629419928
2530,-7.068425827007882,8.701476189912349
2531,-5.660504674147062,11.64895523851203
2532,-6.534504971460066,6.451569676884772
2533,-8.759253878223017,9.325094519322892
2534,-6.56183593837372,10.688097542817149
2535,-4.768789826843918,8.823661938797537
2536,-6.382414070551097,-2.1219485978428843
2537,-7.023471125779415,8.761476061230391
2538,-4.313234322598795,9.50369704504052
2539,-8.202747573877831,10.464263474124175
2540,-7.66432013443538,9.476356392073205
2541,-9.257844785398829,9.697579301006721
2542,-5.9219350282738645,8.21859433608155
2543,-4.5889009363914575,9.94535428875999
2544,-7.430369900851767,8.139619896018454
2545,-6.074600695522512,-1.771409416429379
2546,-5.864751727845929,5.799266405779511
2547,-8.451662500255111,10.83592968077413
2548,-5.290592347561638,3.504605947866301
2549,-5.9865907120971835,10.077715618170055
2550,-5.639982567170897,4.485931077543834
2551,-5.142792287419666,4.4986549836444505
2552,-5.473820087119027,4.222850934804797
2553,-5.290785444104008,3.468799433734833
2554,-4.424669104508148,5.258495365669646
2555,-3.79819196453031,2.5709539658315514
2556,-3.826559380665892,2.490958569677562
2557,-6.578120237059218,2.9665997322846454
2558,-9.508763059156152,0.7415262779583278
2559,-6.657327524647311,2.925088637133091
2560,-8.826164812701629,0.23994607876727034
2561,-6.810247354456239,3.1265704170670374
2562,-8.75985423360015,0.8085090338263694
2563,-5.100229893850023,2.7716947134088787
2564,-7.307880091207708,2.047439050204019
2565,-6.610082247804989,3.6351685186923812
2566,-5.187014205698646,4.123408873384217
2567,-4.347851121693128,3.521110663948338
2568,-4.503492871606854,4.387348268536036
2569,-5.797457417955543,3.5327587067847075
2570,-5.716455671631026,3.3117752397601765
2571,-5.680209647249839,2.786961407898168
2572,-7.72637912008586,6.017890664953885
2573,-6.0760942619023055,4.921904107937373
2574,-10.56514360575711,-3.332895489912966
2575,-11.028412620174462,-1.2665342636520076
2576,-11.36948019601079,0.017676119997367692
2577,-11.050989894865822,-0.7379644479328803
2578,-8.02922819952121,2.8640710398806855
2579,-10.276590179330023,2.5949439835273007
2580,-7.843140077367983,2.549060783467634
2581,-4.251114667076066,1.9003031819154141
2582,-2.33321328521483,-0.05422119792887554
2583,-2.275017411021152,-0.08052445246312319
2584,-4.1600064089854625,4.113365629199302
2585,-5.6228919429607345,0.2588071145820119
2586,-10.422805729900496,3.981312592323737
2587,-9.532432828264104,1.4516297392599247
2588,-9.515074722693559,5.772245480414816
2589,-4.426547121740845,1.5361891387624782
2590,-6.538935949194807,3.33876309727938
2591,-5.893472304896993,0.7895164277734118
2592,-5.574086578984643,1.0310742874718892
2593,-10.408475905267933,3.8462956876437993
2594,-9.300921537871552,3.8747176742036955
2595,-8.331972081954843,5.226650619023348
2596,-8.973442100715895,5.548628861303715
2597,-5.627070663479374,0.46886733749652915
2598,-9.90695286871558,2.1881118302249867
2599,-8.821335397282526,4.39231156291504
2600,-9.689641270884577,3.934753852580039
2601,-10.005321098992237,3.821361104210546
2602,-11.308483823939241,3.821458831652782
2603,-7.96758314748211,2.49390157211176
2604,-10.512267626634392,3.034694834675679
2605,-10.260698882327349,3.5521693484373937
2606,-9.866338714828537,3.5959483667435013
2607,-8.57497697267052,2.5809928458451608
2608,-9.648132036344043,2.2177715485159353
2609,-4.291109792523851,1.9852265140796566
2610,-8.092398845040025,3.4390948328071453
2611,-5.8103996893689365,1.1989270973954933
2612,-8.506250784459867,0.849692978836778
2613,0.03563048800805403,1.8717459059991652
2614,-9.081288557274952,2.918759589179694
2615,-9.373574835596301,4.795733261648864
2616,-8.32151555589295,5.272538617923841
2617,-10.38245840730653,5.866236835394468
2618,-8.913902306274178,2.408653076142642
2619,-9.52317320928876,2.6753850684291556
2620,-5.949813414257159,2.436570563002245
2621,-8.563705549887317,2.46988804492331
2622,-6.151840241063828,3.7696709936543598
2623,-9.957398033409937,0.5702225924349581
2624,-11.585757150618035,0.5455513067028329
2625,-11.514165064833227,0.17232351034805926
2626,-7.408880593612651,4.545750829093683
2627,-11.984257445553485,5.7770878483921955
2628,-1.923223328434314,3.6905561152465354
2629,-5.178935233464611,1.3128311343848666
2630,-11.329676506891849,4.03557171494138
2631,-5.26170243000328,1.5505178556888484
2632,-8.798715758724342,4.180794256999903
2633,-7.142522723433036,3.928622231076106
2634,-8.36272104981373,4.532698705870758
2635,-12.19686186074933,4.216244347241062
2636,-10.129423284115772,6.595412536236071
2637,-6.68318340941961,7.452397535737081
2638,-5.780648109204248,11.214700689738134
2639,-5.040458780397273,9.501492570576232
2640,-4.821640139188439,8.894800212732784
2641,-4.142941614996915,9.368991620859198
2642,-5.730609407353762,6.144681489916316
2643,-10.537117442414559,7.872503871707937
2644,-8.446127818251336,6.970692498417077
2645,-7.299237171052695,3.3250753945092235
2646,-2.4221442584386317,8.946244402301335
2647,-9.211932702235234,3.51873477238509
2648,-10.168765788575199,3.4701146085309373
2649,-10.649334642880223,1.4552600939629716
2650,-10.22807327109804,3.0670223978009004
2651,-10.611440726333662,1.4713391222478538
2652,-11.601100188337782,2.490313183741894
2653,-8.139109554834924,1.2666745189970368
2654,-4.323832798990692,0.9059574785437976
2655,-8.80665878408279,0.8922957577641448
2656,-7.359179253643071,3.2967062057192447
2657,-9.312358221058615,4.034425308174874
2658,-11.185871200878964,5.263673686887499
2659,-7.766838317200606,3.455842460182979
2660,-8.579648332008178,4.501240272032189
2661,-7.977218034957346,3.5856441875809884
2662,-9.48733667944102,0.18750148106113618
2663,-7.050412405551818,0.2779488637837099
2664,-7.740418179850169,2.561508109532322
2665,-8.248102084427728,6.223321960090298
2666,-5.448222752570246,0.4156944613386109
2667,-4.182418648407113,0.9096013935194943
2668,-5.588443225065381,0.49072800647449766
2669,-10.846191696646963,2.482011715181467
2670,-10.36161486662825,2.0692161592611606
2671,-9.220670864102818,0.8237370099766056
2672,-10.256326003227926,2.063619972469418
2673,-6.812301329380653,-0.04646394675076317
2674,-7.934607784839979,1.190300070449218
2675,-12.401867125119171,1.5753352124700832
2676,-11.10299369380468,6.172597664914976
2677,-11.558556463535634,6.022425922075784
2678,-12.100201153802207,2.8219154342738166
2679,-11.332018014067906,6.082984440891756
2680,-7.817864546940213,1.1846134449677594
2681,-9.754813572117683,2.054256773946185
2682,-6.6501070055633305,2.113783018990866
2683,-9.051927864600728,0.25667046564366724
2684,-7.351604784293685,-0.49212598806085284
2685,-7.520937514262173,-0.5443067990324257
2686,-6.525186405016806,2.3201046241223464
2687,-7.7661239543212,-2.0829630771389764
2688,-8.375496843433652,-2.481949720126569
2689,-8.90573649751461,-2.8596939649591815
2690,-7.497817728851009,-1.1072655251641774
2691,-8.070984694063803,-1.499508525007906
2692,-7.609864120272582,1.216647544605235
2693,-7.55180317931962,0.8993456876282044
2694,-11.484500155532592,5.198077795827455
2695,-10.607738748387794,-3.310475980444474
2696,-10.666166277507234,-3.214146594613026
2697,-11.227307260852957,1.9757383154752226
2698,-10.480298225821896,-0.7915863788206912
2699,-10.64717602890828,0.7633475704002088
2700,-8.389483981185405,0.40094035239206377
2701,-10.709021147802215,2.824051641539902
2702,-9.079554096188915,3.8068096558504667
2703,-11.156809744992774,1.1546320185263235
2704,-5.323068184845653,1.5401076524605943
2705,-10.82265074604523,1.236631854679123
2706,-7.173640785944751,1.7027605412864266
2707,-12.15143057874394,4.157778373505161
2708,-11.427281845579197,5.811267925935826
2709,-10.949031193003496,5.236134228329903
2710,-10.006821610931945,0.044507716443006426
2711,-9.571357041493016,-2.548636647147596
2712,-11.190012064036061,2.1105778007916696
2713,-10.818337147739394,0.9865335404366896
2714,-4.812181575743782,0.5689488519780659
2715,-8.453709649390001,-0.9122549388458943
2716,-10.347939291800294,0.2768197838183007
2717,-9.259940909724556,2.5205613647824694
2718,-9.377471669696561,-0.8452153118584499
2719,-9.133150649932658,-1.4122725035520707
2720,-10.449340969838135,-0.6425494864708186
2721,-9.738873582437959,-2.6820102170194318
2722,-9.25353406858253,-1.7930991847835391
2723,-9.385409510951112,-1.3168220142094982
2724,-9.151589772890647,-1.7411500683759702
2725,-8.911357183233141,-1.0412899531788382
2726,-11.290668806226256,0.23711542945562775
2727,-11.355998480311106,10.351419408468875
2728,-11.10932450854966,11.430150251270243
2729,-11.483562719599593,9.970268515035455
2730,-10.687504077663634,11.312830839036417
2731,-10.04819723982848,11.266554655907255
2732,-14.141376242920158,6.074740975929192
2733,-13.905822745863727,5.7320590109866485
2734,-14.086979849563011,5.976199273603936
2735,-9.931960729040235,9.43152066249421
2736,-12.80156081341236,10.585696430827989
2737,-11.832755200567293,15.6029605986811
2738,-12.439432950098645,13.2006957392166
2739,-12.90238081283658,12.065980513336166
2740,-16.09567561530653,11.259726446454485
2741,-16.90761137340755,12.101962264865275
2742,-13.671510956057714,11.34481878254785
2743,-9.089416896807519,14.307637476790543
2744,-12.948169018300074,11.6998930912779
2745,-8.938316173181752,14.289492279904179
2746,-12.160993945004476,14.90618756918282
2747,-6.452612403443589,14.611585199854165
2748,-12.606669855228834,11.877353447437628
2749,-12.749932166168252,14.47938679412094
2750,-11.1845102631129,13.574661175127241
2751,-12.525625596266877,13.537024479485465
2752,-11.50366932730007,12.355575440873666
2753,-11.422841991315437,11.866410996037855
2754,-8.699929757626286,15.31734283757697
2755,-11.490982423609942,10.954424153585638
2756,-12.771495945930049,11.479934626972785
2757,-9.888641215505926,8.427800875772345
2758,-10.701491779196985,12.85976797817679
2759,-10.65872701099259,12.491784095856577
2760,-10.287199048458447,14.597488810731097
2761,-11.070042845866201,13.517997404064044
2762,-12.542191570478693,11.796680850685771
2763,-13.261817788018718,12.01104544071176
2764,-11.659203602600398,14.00534740829743
2765,-7.526979215422237,9.46418211445349
2766,-11.510528205171275,15.975745199997432
2767,-7.886948394354091,11.52600190731079
2768,-12.429361680189578,14.912361670108492
2769,-12.605996944676642,15.46714314217811
2770,-8.647539086977334,15.267016408312749
2771,-8.017138438799849,14.984780469859581
2772,-6.996075285489335,14.378216878172877
2773,-7.036224054624215,15.056963574404985
2774,-9.577659132909075,12.804655996764149
2775,-7.140101481315061,14.874523391868138
2776,-8.640561799818736,11.992971962016876
2777,-7.888795493086516,14.642335360769314
2778,-5.924652460467014,5.910128026697678
2779,-1.4919617509349772,10.755301326511743
2780,-1.5509582125916823,10.834378821848144
2781,-1.8286620246465493,11.17100034119074
2782,-1.6898682717768991,11.383306986942761
2783,-2.047157951788782,11.925413855775375
2784,-2.8764119199967446,11.667884137077449
2785,-2.8182272933150894,11.622870098612495
2786,-1.8543636049469032,8.176058943711533
2787,-2.5163154394642904,10.555217014987672
2788,-2.4462030445177128,10.523218415585061
2789,-7.71295063395094,20.899395664906564
2790,-2.7518691394954304,10.112412090332208
2791,-1.7764899884993857,11.34560034573426
2792,-6.788879187615656,-2.057878242115243
2793,-2.5948798850935044,9.12106085181404
2794,-13.321852416405466,8.713858441389087
2795,-13.21239626120504,8.864569341004334
2796,-1.8968103887487815,11.599488634844125
2797,-6.71335106306499,15.69155243408518
2798,-5.9390068613807525,14.137994362368548
2799,-1.8168363983001923,11.420698997607923
2800,3.4300387675870407,43.195192407497515
2801,3.2204370554389286,42.80683774440489
2802,-17.288225650622596,16.518663027629376
2803,2.846731760849405,43.10294087767047
2804,-17.39961057652556,16.802480497703346
2805,3.488184165727104,43.1731002500198
2806,-17.53061614591314,17.858783663028785
2807,-9.152910256575748,28.31825377983245
2808,-7.915807653879855,30.00658053389708
2809,3.5398531090967515,43.1326002993796
2810,-12.954858508493288,17.878828787400597
2811,3.568572343431882,43.266976472606515
2812,-15.312337828239105,22.00165135593336
2813,3.5583919801688917,43.28123178523171
2814,-16.504402458854756,20.713200235794183
2815,3.5792939054179462,43.30600600127191
2816,-9.14541100263633,28.151361014967872
2817,0.10202991454071164,36.93215332468031
2818,-1.6446024908203578,38.28190114046127
2819,-0.7352844212590087,37.05526972650219
2820,1.887933955896629,38.45447409458769
2821,1.2514280859575626,37.69014093938063
2822,0.5141440414719076,37.70437398969248
2823,-1.600252681386143,38.22531029967204
2824,-0.5748055156160523,38.011726763694554
2825,0.5400924883773084,38.61568723966712
2826,-0.7768580082837117,36.74511662015563
2827,0.004157610210755537,36.447381642390916
2828,2.248719989845933,37.832551528436206
2829,0.6251968237921807,34.31203572917152
2830,0.21579669171731689,36.16768524158134
2831,0.06115009665169554,36.36503883153546
2832,-0.40236009279662277,36.7156239748439
2833,-0.3093098008122828,36.61573880143767
2834,-0.6660631929524474,37.52434709920599
2835,-0.22093715483786774,35.560460174360145
2836,1.024379084138204,34.97264745501594
2837,-1.4291646466685262,37.30941027648199
2838,-0.10772932038877082,36.6348106745585
2839,0.7896903527111547,35.24902230176396
2840,-1.0295480782615336,27.67715410959337
2841,0.925196816859067,34.271430743643904
2842,0.6554864698779581,34.82411644688481
2843,0.9437242526707086,33.53947269138236
2844,0.3301547002082414,34.97619438603815
2845,-0.26224910589374123,36.58885087398084
2846,1.480078389569425,36.83029970972593
2847,3.3308858690083825,34.55574799245804
2848,1.718778507605512,34.34671374924555
2849,0.9676498570877553,35.41705693049025
2850,0.9576720546742389,35.483387245052846
2851,1.754195479689804,38.39512791542678
2852,4.489632272785453,35.917151696033734
2853,0.7644820604430748,37.67442961624597
2854,-2.115503086545678,38.06885282041092
2855,0.7766785652418798,38.34523921705686
2856,2.3671945497736457,34.724679534176985
2857,3.8282334538693403,33.429838995685245
2858,1.9040077823342934,33.720307449050566
2859,0.7462518412447032,35.650236702099754
2860,3.391591421879714,34.752812468118414
2861,3.223934703378125,35.219960007602296
2862,2.4389721053893374,35.80755267186028
2863,5.130858489740116,35.04770052318591
2864,2.9120375332416373,35.77962679314042
2865,4.545151604933804,37.39454639389992
2866,2.8657132619500376,35.75903812914506
2867,4.514457723100309,37.46006624786688
2868,37.891817785134364,15.095231570525565
2869,4.191153038621415,35.550506459454816
2870,1.2826672255072766,35.881020845207715
2871,37.31034632392635,17.188300634487202
2872,37.913011153774335,17.021723613359438
2873,38.03189642245725,15.178277541857844
2874,37.90752636916823,16.572965428833868
2875,20.29696997749549,25.36398252505806
2876,37.89783408258908,16.67772159267162
2877,20.091113233454365,26.054057825284655
2878,38.18543094036761,16.524216663306493
2879,20.94761287338131,20.511600976640672
2880,20.771531657527124,25.167299536253857
2881,20.94703411179501,20.538880898403065
2882,21.277095855428136,24.871478659317198
2883,20.531140857688627,25.291405488946467
2884,20.063246392857256,25.425371243349915
2885,-0.24520571699415197,-17.333639346438858
2886,1.5685242556881194,-17.269883757462118
2887,21.480369224818357,24.813515234794185
2888,18.53116074611415,0.6587556603960982
2889,1.4239560243323213,-17.325088561592143
2890,0.6379034585955087,-17.6440701327941
2891,0.1088516921426857,-17.42628430567333
2892,0.6289748428042242,-17.422826245488544
2893,0.33472124850492685,-17.479300123719568
2894,1.5373511676550387,-17.414388329476175
2895,24.09384149271052,0.5088618113875508
2896,1.5000532177069181,-17.31780738201113
2897,0.8710038376366771,-17.780371247819705
2898,0.8220834977587951,-17.913781341319172
2899,4.24049451408461,-1.6953509500982715
2900,4.096161058777037,-2.379515958587895
2901,3.445825183960715,-1.1269028590919667
2902,3.7765890890265084,-1.5435092885456545
2903,3.860843109428734,-0.11879539720865769
2904,4.068495928560576,-1.9626834211611364
2905,4.047600552305369,-1.168914977590442
2906,2.891761989381405,0.8221949383963867
2907,3.7787953193229487,-1.3312057899232823
2908,4.03027329794683,-1.1213723641068083
2909,4.106840400524447,-0.829028345170542
2910,3.355221145856945,0.34009626865598025
2911,3.2399467102501798,0.8519094250381045
2912,3.5510352370474445,-0.2717726218761878
2913,4.174080193286088,-0.9587111505428303
2914,3.4386982263143078,0.2213827443209901
2915,3.283211445531535,-0.7446250149178636
2916,3.681171574140392,-1.6018798633310154
2917,5.408066577520634,5.9199047353760905
2918,5.016721610687041,4.08471668070416
2919,-0.5538105425649598,7.210076441789031
2920,-0.5010602062612031,8.171117785722222
2921,-0.6040701545796539,7.995855503116011
2922,-4.418843569043413,13.239675470542547
2923,14.815526294038412,20.56997547583617
2924,0.31689304388994666,11.32695129711528
2925,1.171912592059593,7.427456024553911
2926,2.529227136322141,12.113747532452555
2927,-0.08801294539811738,10.892025039136453
2928,1.4605881840094856,11.788685383855146
2929,0.5448501877003711,11.32669631430115
2930,7.521958430703507,-5.312643156114264
2931,-7.12142019324929,-1.2103091597815527
2932,-2.472133791914446,8.810835032114998
2933,3.620700180829696,12.813176239246534
2934,2.1599423775627384,13.592044905124922
2935,-2.5529222832320655,10.028225705024333
2936,2.759779119587406,12.25290856541537
2937,3.570698327746774,12.832749398379082
2938,-4.267720104918514,9.632480152211983
2939,1.1852214376947063,11.664276907222803
2940,-0.4057398976628482,14.873147067989814
2941,-0.27248153812643783,14.921024124211518
2942,1.2026857984221448,12.375562717823483
2943,0.5160368966100267,14.82404568173014
2944,1.4311742518323753,11.924007074211543
2945,7.161664435220614,5.357919418490408
2946,6.9704697789505214,4.95966246398126
2947,7.032634551830869,4.558320254462244
2948,-3.421310307065798,1.5681836853151412
2949,-0.09759897030504502,2.2179083004520095
2950,0.39129399841186846,0.19726801533654395
2951,-6.567449908970724,0.041699732175806366
2952,0.6489109429349065,0.5071840908586813
2953,-0.4652577962198897,1.8276123205135242
2954,0.5305854003953269,0.1786999271435197
2955,7.757980760473788,7.223230839987898
2956,7.6327257286093415,7.00675994922132
2957,8.324648846726866,7.349671637422186
2958,7.71583302459462,7.361116482324285
2959,7.691567715239879,7.050719925473852
2960,6.711517488623214,4.512628600060019
2961,7.747818579420609,7.1402333631492105
2962,7.779504343251577,7.170509619221085
2963,0.15193703483191318,1.6830415706674136
2964,6.438339218777726,4.518418089877709
2965,1.7927898012363344,24.37327705812923
2966,-0.614270342881391,39.84562253411915
2967,5.432146612342254,29.457105475173375
2968,-0.7165477473714646,39.940066029751804
2969,1.8053201015522866,33.13212411563488
2970,-0.7323764000144753,39.63147034719661
2971,1.552507559967658,37.525650875770225
2972,1.52309102459778,34.62602963133172
2973,20.057041182029252,4.484810806056029
2974,-0.3158477281589771,39.231106418476905
2975,1.494906077434119,33.69159422615553
2976,-1.5085845589155,22.211501342623983
2977,-1.5362219291697177,22.265058258061764
2978,3.38994935374605,33.837853431383145
2979,3.078904934581704,34.66627697157836
2980,6.475625426614604,25.85080556725418
2981,-0.44819612599693587,38.528055279789825
2982,4.09556399935624,26.822572707832975
2983,-0.6838398802660839,39.9827928131712
2984,13.529678734704056,28.533429446491013
2985,-1.4244948405109372,39.1114290517291
2986,2.0925735251757205,29.331609409873117
2987,-1.3176546628617527,39.883884829307696
2988,2.515453090781897,25.83580540550083
2989,2.670519770013746,34.110225753953586
2990,2.224034513497597,33.62373208641322
2991,-1.4275011218478193,39.56583637879803
2992,6.398665676245906,25.786591817140007
2993,-1.0885770852194523,39.79032268983192
2994,7.00847220917663,31.86687106651753
2995,2.357838152960683,31.38860153747973
2996,1.2236104095773699,35.318441803543706
2997,3.2863352260242085,33.786144118019095
2998,-0.49119446200247224,39.14085067173186
2999,3.746969402365539,25.731272004042196
3000,5.053587996235374,32.29806927564529
3001,3.291864465923586,28.687033610803812
3002,4.845059702879416,29.850181522044824
3003,1.7994266576892899,35.34763160872105
3004,3.326403849116954,28.199247444722328
3005,3.9148413739403867,29.308816096230704
3006,3.012793277006509,32.43574819075639
3007,8.970613870968032,31.337338876728623
3008,2.174074015080796,33.921732272661195
3009,7.00896130583379,25.283863296283165
3010,2.2614445681155595,34.273610498888445
3011,1.7373568825587675,32.74581985720962
3012,2.202866007744909,33.34604262468102
3013,6.057160481226624,35.31424394894129
3014,4.193557542869803,32.26686357827784
3015,2.5469714095802307,24.797723248683766
3016,5.241791495666109,32.67782616322164
3017,2.1982052713758007,36.02192472953282
3018,1.108389038995941,37.29401766259158
3019,2.8228695306606384,28.433513306351447
3020,1.526731509958687,30.025463004715164
3021,0.5847794919031598,32.42693566869169
3022,2.7503702264778274,25.663919008171476
3023,4.00655490434009,32.327830640696845
3024,1.9481644509780887,36.374416361469166
3025,8.72307080484807,29.730039876597175
3026,-0.36159432416427795,32.627951166238425
3027,-2.0327531313385148,22.691575730786624
3028,-0.043500046938860656,30.376328214075556
3029,1.0064905357374132,32.08318808564314
3030,-0.2145160583282009,32.507566802439825
3031,0.19932240885632788,30.804928903220265
3032,0.8005534767336712,31.69040362994879
3033,1.2116611046181494,31.683672190601655
3034,0.34657581637604024,30.50428700339972
3035,2.093466595926817,31.635079274565527
3036,1.192953018051381,31.6313405284757
3037,0.9203400963609326,32.01901982194623
3038,6.161886003943011,35.35807869228056
3039,11.189827445527605,31.423122974393294
3040,1.101331225859518,31.372370369084518
3041,2.3032997287962202,37.35497462268137
3042,2.442032019055666,36.67086474749506
3043,10.522282605533663,34.44833141514811
3044,10.844184626468813,34.87241584101716
3045,4.788354547268615,32.951538799693566
3046,7.277532317577058,31.61192189375089
3047,7.1495623330487525,31.866619029475554
3048,5.091572974995499,30.978654121458884
3049,6.040461278426149,33.35412157018028
3050,5.410367084342462,33.49006762728916
3051,6.177153562362703,33.1797931982083
3052,6.5104920535275115,32.847272920782466
3053,6.799296974596572,27.243295663927928
3054,5.5463115454536185,33.41675742175571
3055,4.648124584884313,31.1858521738854
3056,6.026049770014343,33.396290572131804
3057,4.5295865985886445,30.95099103594023
3058,8.118109828600035,29.522530865485844
3059,7.80466159902953,27.580146846142338
3060,8.330255853215512,27.78845282694609
3061,6.64639949787904,27.530137880685267
3062,7.413252296381316,26.637232173194032
3063,6.460838002286109,30.219262297871442
3064,7.228647745222061,29.173558343049642
3065,3.377101080693005,25.693901938942354
3066,7.352087535710461,29.359193927404988
3067,6.784659089343399,27.295828738987275
3068,8.54375180767355,29.60733589284816
3069,2.726984887639826,29.304347061137893
3070,4.30798198296823,28.881982902881973
3071,4.361521600628066,26.261142309357353
3072,1.5723194811359285,29.866105456976438
3073,1.7469555910618217,28.50467675791676
3074,2.976102922788704,30.37631257115326
3075,2.6603956858585844,27.292285974102747
3076,4.512101354019161,24.945089352259842
3077,1.5950235459619613,29.57057708899658
3078,3.2512784305905176,27.5415467283132
3079,4.268997892291315,29.10992012227913
3080,3.9192716065918427,24.905026885173672
3081,4.792954699945745,25.0562180280258
3082,4.1967111656018865,24.38315063972332
3083,4.29268252081222,27.8723790401213
3084,8.952961568876155,29.5518880429433
3085,9.51891602658147,27.67198422412525
3086,9.922359451448497,28.781037540692484
3087,8.204267266127776,28.777373231135968
3088,8.818445994601639,26.43754444790514
3089,6.508821049782816,28.130015388148674
3090,6.644010891938945,27.10051742866219
3091,4.402907497871433,25.04366316766071
3092,6.8732220701507485,28.692325529306373
3093,3.4032970006495114,27.322426880884937
3094,2.7161608438244986,28.560554000123055
3095,6.3908991859104525,28.146340457862802
3096,1.588515380864297,29.66774457756711
3097,5.123866354988466,26.86058935603302
3098,2.0445504859214876,28.091743170498095
3099,7.85463152627116,29.615277061052456
3100,9.78183293166311,28.879345315666768
3101,3.9593224812559713,26.89985323845567
3102,4.474241783487092,18.202207875317452
3103,5.323652366960159,27.043232448327796
3104,3.3021494988029803,25.790604270783124
3105,4.908589522036746,27.23508856056435
3106,9.760751295420812,28.73066761162322
3107,4.175282830885777,24.56908926451508
3108,4.423976970370458,28.00956833912486
3109,3.1496304638015666,24.068962192121838
3110,4.935354881935852,33.59090012603822
3111,5.508906022372439,22.64201535752081
3112,5.955245247990481,27.77222749948549
3113,3.5508974719578537,26.081733255987945
3114,4.473530295586114,31.072565312405693
3115,4.0808693069237645,24.9554679948563
3116,6.12961771951514,27.292807392345157
3117,2.5104402417675753,27.148494923540916
3118,6.114492959344385,27.630921126762967
3119,2.534021843903642,24.978504738161025
3120,3.3843262059384553,25.78075165315106
3121,40.321367654031064,13.357863673042603
3122,40.22885706883972,13.899181443084482
3123,40.35497465837072,17.70752491086236
3124,38.82211076737891,14.457831601481683
3125,40.36547321382826,14.634590642384149
3126,41.53464229601574,13.754044514149246
3127,38.663382469193486,14.092080619017993
3128,38.88072216799867,12.683984284387428
3129,39.3981698142321,12.426549702041621
3130,41.64374882512461,11.363534913411828
3131,38.59664454080463,9.399182530682607
3132,38.482039270465805,15.0836025199221
3133,40.94239376231766,13.994659214313474
3134,38.13956835942568,14.853534174232305
3135,40.58826371968933,13.74711163847685
3136,39.401958718590194,15.59679551585791
3137,37.65120266525833,16.375199453318768
3138,38.15221278193127,13.780509708434591
3139,40.42498081310449,14.34111506971469
3140,40.46779377602981,14.011591725024692
3141,39.298028548996896,13.128379994295623
3142,40.465243560620564,11.838890470522756
3143,37.88990767748276,12.072786075272987
3144,38.80126976770551,12.417925294267631
3145,38.76383481065852,12.994474528925924
3146,38.871923416359294,13.111820078979719
3147,40.372944846583366,8.949802964816403
3148,38.78639278143733,12.275275243395061
3149,43.78899614394677,12.063075394549914
3150,41.292524307307026,10.221444800728294
3151,46.02839403993235,8.443098486499107
3152,45.884030426555256,8.474878761614121
3153,38.53972905825346,12.971177582216784
3154,38.26547179841927,12.92822693220307
3155,44.894567957557534,14.411292056137828
3156,47.0083350689865,14.391280374220957
3157,38.66449055711568,13.01684029960143
3158,41.27985829409277,10.669016838812432
3159,45.16125266986901,9.236427957016966
3160,44.70679773199981,10.33292625672287
3161,40.25796721251091,9.756375831436307
3162,40.40310795517538,8.965035112010382
3163,44.82658998749525,9.406281947117249
3164,43.515824978976234,8.438393129687169
3165,42.739215746861106,9.447363473353802
3166,43.21933253514677,10.995515273493773
3167,41.79822314831099,14.702643423197317
3168,43.92910384864274,13.116544074071301
3169,41.20749728936022,9.574347979789033
3170,46.904542649348414,10.267803033212997
3171,45.2168861076569,10.284815103843322
3172,41.04381970256971,9.339093193477602
3173,40.84534051600197,6.932920826627206
3174,43.27553048218673,12.081486943020021
3175,43.07453101788081,15.618824452883661
3176,43.3272743780106,15.896746758537038
3177,43.83875776628329,15.46041506639766
3178,40.43475880743452,10.556575930309014
3179,40.365076273573635,7.221373595601247
3180,42.86354851408944,12.79537888904152
3181,44.6482736567352,8.415055251252495
3182,44.61954177027303,8.167123846914196
3183,44.5181214652218,9.60920017477017
3184,42.18491560349483,7.607291680573873
3185,43.958111725804315,16.33937017738017
3186,41.81285006128977,14.801024094863724
3187,41.65661899715975,14.817414968067254
3188,40.3717544506837,15.499239978019897
3189,40.73598964056885,15.451350193817213
3190,42.651214957511876,15.125454487162935
3191,42.370722880129144,16.361525239604553
3192,42.79763444732201,16.805917684885667
3193,43.38459867929738,15.756635806428925
3194,43.45737650810356,15.16015991956743
3195,43.62092451922208,16.688029738579566
3196,44.13775078828524,16.149142261096745
3197,43.554013274200294,16.27059282129374
3198,42.27324609255233,15.363582436006983
3199,44.867499445165706,13.20587410238044
3200,45.72225824288521,8.530275977730138
3201,48.60908584697814,10.152466699775475
3202,45.42157435939112,16.37652023887474
3203,45.23741146631956,16.31029881569949
3204,45.33198931739685,16.173313866059857
3205,44.801694694019,8.249407850506305
3206,41.66802297644747,13.713248954092032
3207,43.31512255347081,16.80732576277778
3208,39.553529203212335,14.377753778959903
3209,40.85724491635761,10.576783840416239
3210,44.32167314834193,7.0012239415722535
3211,41.733609276683474,15.499623023124544
3212,43.46248526842298,14.746605584861115
3213,44.97120680086045,12.074267533588673
3214,41.94809194967064,9.85844635169585
3215,42.336982659767436,16.108398228261134
3216,42.18478064389136,15.965341773932058
3217,41.78092933465619,15.792565309653236
3218,42.20895084815344,17.154065261101568
3219,42.59617689185281,16.272868513508627
3220,41.02130377479168,17.364776701735604
3221,42.628421022339616,16.70226961668129
3222,42.89840791341873,17.509712979606626
3223,42.136427711959556,16.80058819304796
3224,43.054332891163824,15.308073977909716
3225,42.95437031104201,13.38809751011241
3226,41.33407464565377,17.19795137228452
3227,41.029919937332494,12.994349338186138
3228,43.03137487938754,12.872094117579197
3229,40.22228771932159,15.130808339418413
3230,42.86146511946625,14.779759864326122
3231,41.14702163221467,15.386634592901396
3232,39.872751872842116,15.340680048440131
3233,41.282034226415426,17.04295336943528
3234,40.92019105365407,13.569670726797153
3235,40.22010211731065,15.158927099730365
3236,40.58387973743992,14.156197843071903
3237,41.018106537759635,14.303445987349372
3238,39.52466530605455,13.542085726393127
3239,46.183626698066135,13.825871916506172
3240,45.5825054257467,13.341169313815538
3241,42.25522836559366,17.2180414348564
3242,43.07783152177504,14.719680310085984
3243,39.74419263463602,16.31031639227166
3244,41.403513099143794,17.219782550697648
3245,41.64882420070058,12.875127639808355
3246,42.02453754904365,17.8761928849661
3247,41.787678644627285,17.569853813009885
3248,40.296113253756104,15.7858565151077
3249,42.7157977858912,16.520672511100994
3250,43.00341858211994,16.00922777878016
3251,41.84413038310387,17.729062710192434
3252,43.3762696545301,14.986026169184816
3253,43.33358554048689,12.14306903932231
3254,41.13640856033266,15.484420426101513
3255,38.840807377085426,15.978980196067537
3256,40.375094582538885,16.503272093473562
3257,44.91404115836738,13.14618853470493
3258,46.031780686175395,14.009510195079192
3259,41.1170533952593,12.574973495306299
3260,43.52362132186022,5.893643423705304
3261,43.09378917662556,13.981737858540644
3262,43.639697640193226,18.032373081204373
3263,41.77900202702319,16.88759930644169
3264,43.672696563025156,16.94252011225917
3265,42.7499292219767,17.857595425400262
3266,41.82401558135738,16.292832432930584
3267,43.85018533034174,8.971256681064213
3268,48.68174000260047,10.023791110510867
3269,43.84801723873896,13.6264226066557
3270,46.335324770228645,12.36730757900885
3271,43.09696516957771,10.019946300541843
3272,45.39740996976522,11.947343899864547
3273,46.76995679263916,12.465828656871507
3274,42.90672778169292,9.984880571297722
3275,46.67930785972178,10.495882854405837
3276,47.344979594377534,11.737066209066054
3277,47.87630769212256,12.507826636300805
3278,48.00939351615556,13.141665609425777
3279,47.46740216938805,12.864455441317789
3280,48.27607950533391,12.542684680839088
3281,46.46279698133991,12.103211280596419
3282,47.771751737971925,12.01932364099703
3283,48.385282035672525,12.21866731631965
3284,48.13996276850474,11.992216542824144
3285,46.7081399922726,12.245106404645577
3286,48.22869499684003,12.787433133026866
3287,48.0107502306942,11.672628351702746
3288,46.415020381392736,12.191421269097498
3289,47.86529926780002,12.844995080558814
3290,47.777896877042515,13.142091893658831
3291,48.14411552192637,12.873807639270616
3292,46.77730475781559,12.770721630181908
3293,48.142249523501214,12.352053795248978
3294,47.01967872198246,12.37616522904836
3295,47.86806280096412,11.956965617495346
3296,47.3024608415127,12.602725813560934
3297,47.54530505012417,12.122905530353835
3298,47.58401916569106,11.844399216091004
3299,48.38565855080051,12.320241916758324
3300,46.008116408381014,12.550478912310698
3301,45.17853898132002,10.840505585839189
3302,48.45708624506823,9.960822011589626
3303,48.4295693357385,9.88588852294355
3304,44.410231251452565,10.774467525936057
3305,40.642738718813845,16.122503822255897
3306,39.68402611879268,8.985883564448173
3307,41.8705476277171,9.185711809743077
3308,38.72284691573172,8.398293510597814
3309,37.4963638805444,7.856030569035248
3310,37.56819305692301,8.44536699410253
3311,37.646262859912305,7.640929588373859
3312,38.77407013741961,8.175486363502579
3313,38.114443664010416,8.67434749130631
3314,38.65423751286611,9.232139723521716
3315,38.33882614587065,8.676296464072227
3316,38.78034795469051,8.26505852381389
3317,38.621666090019005,7.340013437505537
3318,37.57394303670535,8.381946705026744
3319,37.62171597874178,8.868785507974076
3320,37.476893497468716,8.559357220524255
3321,38.91006419316952,9.274699896967505
3322,39.193358274976724,7.482084659056718
3323,40.62512138660044,7.75282993432657
3324,40.61005302751512,7.471322559490261
3325,41.96608654512539,7.949223722260745
3326,41.762461072630906,10.09931385414315
3327,41.14447520205465,9.362143909890479
3328,41.253602280097866,7.388489889409772
3329,39.286942684846885,8.764603547963281
3330,40.36286347604267,10.607091704918204
3331,40.49496912797571,7.915356452685756
3332,40.78726600592659,7.552746953791025
3333,44.03724827808031,10.62178102407631
3334,40.547730074117524,11.433204626629973
3335,41.28791268558761,10.750773502095486
3336,42.552145607172825,10.654326647757108
3337,40.78287009575291,8.247886783950209
3338,40.53624387172268,9.892797431822352
3339,43.00842637344837,11.004830559703535
3340,41.97787999848637,9.195377812512511
3341,41.81955562685561,10.533829523466215
3342,41.305514224554955,9.753401786022154
3343,42.02930679226448,10.860492148211922
3344,43.04580736802999,11.030488720720104
3345,44.7021503176214,8.648811336472999
3346,43.73056915514618,6.53088406446373
3347,41.122990379558615,11.761167453321365
3348,43.17174503636506,8.081425706783625
3349,43.940598437275995,8.187154306892442
3350,42.79397832487072,10.125545778795432
3351,43.339300432198556,7.957555779840622
3352,43.96633169542585,9.499527634682423
3353,42.549671829654656,9.4587707814219
3354,41.19583650981955,8.795679012794695
3355,41.414571705702066,6.914907276794837
3356,37.154586962483634,7.652973033295539
3357,37.98526212508993,14.538364382471553
3358,37.24323855513255,8.061434056600183
3359,38.28044783745544,6.921873677839125
3360,37.760139652274006,7.063090315610685
3361,38.399479445311854,6.775288816703857
3362,38.472441675663106,7.2425646881821075
3363,39.223059020598804,8.583013061239134
3364,39.39313758806683,10.658505887444523
3365,39.21222356127774,8.31097333330215
3366,41.579465820527105,12.388724160272623
3367,42.88875818336975,8.047629510548331
3368,41.871949624718454,7.671925996465656
3369,42.18373628819973,7.609988397710722
3370,42.894277588115735,6.626160937193456
3371,42.94272475810472,7.2110189917076255
3372,45.30097572189834,7.776384554577686
3373,43.82560676737921,10.565045434755195
3374,41.91859513197308,8.255534570313243
3375,44.26874976755549,6.71902525965222
3376,43.30380772294751,7.447933076563485
3377,43.445576868359005,9.686008067166277
3378,43.010181583093335,9.227340674320057
3379,43.88771493867871,7.40029835730022
3380,44.61630533712646,8.609913674740165
3381,45.24469758249016,7.644594816210747
3382,44.94937018852794,8.033238862278775
3383,43.05725580638725,9.281377576102498
3384,45.2142431707198,9.392981438888977
3385,41.60422402685391,6.803532435801902
3386,37.7167351077451,6.954107060655652
3387,38.90845847574806,7.881934373798318
3388,39.639047396273334,9.378418448915383
3389,40.86060185011148,7.98145243515631
3390,41.146847810818656,13.132650334796326
3391,42.14672890599658,7.852658252803114
3392,41.973076027800964,7.18826480736616
3393,42.40504392883492,6.8372305417841845
3394,43.830265656400904,9.778510669413594
3395,43.6485307346926,6.562864105839403
3396,41.03030570271576,14.77670392988152
3397,45.05523259170793,9.915642804557288
3398,40.914243088233256,9.5807865838344
3399,42.76974437940267,16.314331324059964
3400,44.33655166158538,9.464620882205129
3401,46.58973067170584,15.55877298707447
3402,46.98790065571825,14.235058148994304
3403,45.77359305961282,9.849002899258352
3404,47.52300417486345,9.216256919214247
3405,47.24779267438956,9.151499412862496
3406,47.79353786992865,9.687921223684846
3407,47.5676484844282,9.519206453037707
3408,47.86722838349216,9.4048101116922
3409,47.07938920677633,9.043040641250686
3410,47.41726310519355,9.153412935334757
3411,46.59005653934476,8.8619520039471
3412,46.817755366855536,8.925892735176259
3413,47.2415522363369,13.374508923870032
3414,43.93486679106007,14.278325588316218
3415,46.784426675780836,13.41869447513214
3416,26.645778309813934,-27.272493015080187
3417,29.121041745204888,-30.21731667108768
3418,25.684126106898553,-27.254262736982714
3419,25.003903622898505,-26.794154802768244
3420,24.779104663072836,-28.40477108506836
3421,25.51219959450465,-29.638967305422305
3422,28.35043198411204,-31.341801002015067
3423,44.6745809493355,-35.406105068250135
3424,27.223670136009282,-27.786043923184643
3425,27.735599660900196,-31.610630740049455
3426,26.245759487623136,-26.677505899172314
3427,25.526380787731128,-28.756820338317457
3428,27.82704787144016,-28.686485338986138
3429,27.0058331933914,-26.374618266125406
3430,26.367104543221757,-28.601047426799727
3431,26.676122530629453,-29.415824648854713
3432,26.16257726361201,-26.146811096243123
3433,26.299601501400527,-29.017079566325215
3434,25.91096979636838,-26.19108006568243
3435,26.842083054802725,-27.388759310976603
3436,25.935207920965055,-29.14258013919097
3437,25.63890502319854,-28.175604429150944
3438,26.51138471124045,-27.133463514774956
3439,27.52159602145694,-27.57761452210548
3440,26.58910324897944,-27.430951528444318
3441,25.778651333949917,-24.846490716142885
3442,35.4220907629842,-21.905416881221026
3443,26.55664234412155,-29.51640760298257
3444,26.577149596052724,-28.704971388375537
3445,27.13970249130939,-28.51086159842321
3446,26.91335578856603,-28.360069212572633
3447,26.28812075208902,-29.015319724059548
3448,28.090104616743805,-28.416577882258803
3449,26.08829598475419,-28.49071641981559
3450,27.09764130549812,-27.58203146157417
3451,27.83717651215165,-28.72210317507315
3452,27.487485607817003,-27.362017849393567
3453,25.233324940135,-26.658028687723007
3454,27.36369905441364,-27.481140762501262
3455,25.261785121390602,-29.064406409628784
3456,27.35631657783707,-28.613072060750934
3457,31.29283587662357,-29.879048063743596
3458,26.11630941527986,-29.535264213803995
3459,30.132587322174206,-29.567282503950334
3460,28.34623781748531,-29.996713706676964
3461,29.57069951041841,-30.58364849731861
3462,31.471630609012593,-34.23150540861652
3463,29.86067190633756,-32.1937748522151
3464,30.93905023302759,-33.092031518096874
3465,31.602723206929113,-31.97806063651341
3466,30.645084968847005,-30.9273823661533
3467,30.219957288369393,-30.7262942622485
3468,31.50546754862553,-31.106669940463107
3469,30.830525122884918,-31.363381948819278
3470,31.083360159883288,-31.29982972404265
3471,30.7750776420852,-31.03141480893601
3472,30.276066121097664,-31.393432927762092
3473,30.507365871421534,-31.933537703282624
3474,30.589665347513098,-31.07081980941193
3475,29.556770065614206,-31.54821139904492
3476,29.813816691238173,-32.26133132355369
3477,35.07026201552093,-31.81434616913417
3478,28.550592361495784,-29.407541272645293
3479,27.454375196801784,-30.554149234532908
3480,31.793638953045594,-33.785102411854815
3481,30.63046516231421,-33.83708143983012
3482,31.32854002826542,-33.70476628182664
3483,30.117105399123023,-32.573175225051955
3484,28.412230846840423,-29.354491490916693
3485,28.33978616889422,-30.18783770008723
3486,28.797525194936526,-29.598968025604442
3487,28.13096869430226,-29.372131927535612
3488,32.45494505984124,-30.106165727816133
3489,-10.27650580151535,28.159510034074327
3490,-19.465786884397595,15.491960605330666
3491,-19.236477498623916,14.168732950590147
3492,-19.382175382300822,15.831845316995441
3493,-19.513952264212865,15.542955941050824
3494,-19.784597472195845,21.975432238216822
3495,-19.409799492867894,14.520504892662816
3496,-8.762628937174874,26.574363005253847
3497,-9.571213109179372,27.36604651038023
3498,-9.703237060107506,27.553949160173783
3499,-9.800004684379067,27.834121961583058
3500,3.1844080967330757,42.93393389641583
3501,2.7054059489664564,43.168347126026745
3502,-19.47841001892353,21.69766735687609
3503,-18.720420583136374,15.754897929334934
3504,-18.166456250001804,24.39448766070278
3505,-10.506739719016219,15.801873954894269
3506,-17.591730215592865,25.21203022234731
3507,4.027247769431356,30.242480410208206
3508,-18.88693944076416,25.976815345909596
3509,-18.018456870846826,20.722308670680974
3510,-18.841461195362328,20.363076409571537
3511,-17.422220947889286,16.06190012027966
3512,-19.007164227316075,20.99848823962328
3513,-18.37446453775709,20.393737175474236
3514,-16.750055404374454,23.244592314218256
3515,-15.102175157064629,17.07069264774185
3516,-16.76527266076314,25.092761133597893
3517,-16.89016624621991,21.607822530925326
3518,-14.991098735941485,16.50553649201106
3519,-18.756886280642316,25.97337498519973
3520,-16.51923303044064,22.76016344374737
3521,-17.39287825509398,24.852179376191973
3522,-16.433719588506406,28.88967080080587
3523,-18.68368650613344,26.02816476883741
3524,-18.959045127227718,24.859188186622912
3525,-17.460349809953872,25.914202436822006
3526,-17.625286802551553,25.12063867669826
3527,-16.619985696774712,21.118697272281832
3528,-16.741905722987333,28.420943122787957
3529,-18.729779878707603,25.026929388264467
3530,-18.005425100701387,23.44325170195448
3531,-14.916500375397016,20.98800495906802
3532,-17.708991619134977,20.872339740726993
3533,-17.272520987166075,19.742550219380465
3534,-17.835525143260536,20.391633934315557
3535,-19.350563976956458,16.88093683953331
3536,-18.735093083909515,18.146992936508468
3537,-19.057338565811797,19.790454907042793
3538,-18.33716031086432,22.56840031578346
3539,-14.64385404012108,27.46730052370809
3540,-15.888406940267496,22.04065643004405
3541,-7.466631850314322,30.71660043519239
3542,-5.624733780113231,33.20794247646876
3543,-18.06819663925585,22.37680097894347
3544,-17.51469467514472,18.934210051408712
3545,-3.9759802346543687,30.755524581461877
3546,-16.527126037212177,17.7132281461889
3547,-18.536370233683574,24.447518671384355
3548,-3.0092363256479815,33.59269183451822
3549,-15.330094312675042,31.397098311064152
3550,-6.548408759517385,31.776311406248205
3551,-7.7097224729149065,31.972546146764746
3552,-6.88410033897711,32.653458195376665
3553,-6.522311326748771,33.534371681728786
3554,-6.9639221129145135,31.68761252480947
3555,-3.909802084969878,34.64887272578871
3556,-3.734661700519466,34.81231712729813
3557,-2.9612507785522744,36.06437897519731
3558,-19.35214786727454,18.702669708109124
3559,-10.71704928998351,32.456184343917656
3560,-18.84987924526077,17.995214319184967
3561,-19.058543895358156,17.567752633080218
3562,-9.752086653235132,32.93816457202448
3563,-17.746741802870243,20.15337111228228
3564,-18.733171360295778,17.993087649837193
3565,-9.016476546002512,33.02526687701223
3566,-4.36483985524774,31.96375898975743
3567,-17.442389663105462,26.594020333299184
3568,-15.82784088071696,30.223954457063467
3569,1.662631757607665,43.399195089920035
3570,-16.75839704229508,25.454412534685343
3571,-15.542105457454301,29.2224886090006
3572,-15.937898625613704,29.051233240362816
3573,-15.751309251224669,29.118894460247812
3574,-15.836296316522894,30.36906322988286
3575,-15.804670265353815,30.28960793831881
3576,-16.874650256763786,25.818300711611005
3577,-15.800515263718347,29.788918090901486
3578,-16.18660732134799,30.30042561865497
3579,-16.422437377897886,30.568071989744073
3580,-15.609087846227762,29.90143186584834
3581,-15.853504966475084,29.34838477723397
3582,-17.47763392345656,25.812288553864498
3583,-17.442748599167036,25.124234128111663
3584,-14.749905143542842,29.641403460235534
3585,-18.06908136444863,23.387085418665343
3586,-17.576601777818674,24.18537105769479
3587,-18.609740909479562,27.083558023474247
3588,-13.880664303133512,25.85323314779599
3589,-14.734600207135502,27.455528607772738
3590,-16.57194297249046,22.739097382096272
3591,-15.25228531877665,22.501250038381194
3592,-6.400363409178949,28.00347429950612
3593,-15.523594984517999,28.651621754891494
3594,-16.135184763734767,22.179126516319197
3595,-7.505145943972858,27.753971293789885
3596,-16.228342151939625,22.945574780477653
3597,-17.350789977765118,23.70754694687819
3598,-15.858018597317354,26.434524332272193
3599,-16.43094079128756,26.896516378462945
3600,-14.786397261112748,22.21630515583614
3601,-13.75345668722969,25.768619395576085
3602,-16.246327803268215,26.71816910494907
3603,-16.147234888623196,26.685471193608084
3604,-15.456946499349062,28.29316314889635
3605,-7.824606111149555,26.659467285179662
3606,-15.49333915035428,25.78214072829867
3607,-16.889709777574744,30.092285039183352
3608,-16.305226616295162,22.257447496863882
3609,-19.462215190237927,18.791971444144814
3610,-12.274716461877482,24.157173974817923
3611,-12.47901234393233,22.88382709302579
3612,-13.108769846447881,19.506074711229196
3613,-12.79913067382796,22.298074748913717
3614,-13.639573223717827,22.524659832038623
3615,-10.725814475489166,24.291713227613332
3616,-13.64742395336413,20.25308464228213
3617,-12.867172568253665,19.796647181534492
3618,-10.337038148936754,21.949409890613023
3619,-11.056136023155213,24.08419845994861
3620,-14.158638548097686,20.881457893468085
3621,-10.885884079856222,23.861969891469755
3622,-11.710623991254792,27.48899844837819
3623,-11.48476145450623,28.96017266780792
3624,-13.473741033980097,28.955748311005436
3625,-17.671306002769438,12.465827933433193
3626,-18.39588356458871,17.99277120056899
3627,-18.05006868684811,19.130638168789464
3628,-18.146368243401973,18.946315081267578
3629,-3.023341606448656,35.13666180094533
3630,-0.673380813043868,37.813113548761535
3631,-2.0328864665073745,37.27980703269137
3632,-8.09387345532303,30.934893022396576
3633,-4.73727526445668,31.93606995578419
3634,-2.3627215956181,35.983753975483154
3635,-2.214522301959866,35.4335113988256
3636,-1.2892042015261636,34.18267883479737
3637,-2.155527571370446,35.380645693524215
3638,-4.319166393650272,30.867099653970982
3639,-2.6994334535651228,34.8253838090983
3640,-1.4525931342742948,36.13121688429906
3641,-0.29539920466832326,33.92244322891871
3642,-1.2695295723972395,33.58394920737848
3643,-2.4736547093865466,30.302511358419387
3644,-1.9905645567256518,32.849000027864655
3645,-3.0197180857377592,31.914842277622697
3646,-3.726381369184539,32.01932590675502
3647,-5.518914207233122,30.019680757758685
3648,-4.9836087236203905,34.21256706181794
3649,-2.259568320417459,33.654259334125975
3650,-1.3132857393493,27.80422344840918
3651,-2.2999944902242215,28.22350648736153
3652,-1.9275715146056398,30.17494538472909
3653,-1.198814756374313,32.87813771000519
3654,-5.18079700410999,31.120809956044322
3655,-1.3807337934814408,30.969305585455942
3656,-1.6448955102828267,29.844408326474934
3657,-2.2623354584267226,30.408906613849734
3658,-3.4238098244832997,28.553963266392604
3659,-1.22452137590987,30.729162756311624
3660,-2.1859436969740886,27.544098056454697
3661,2.9072157790101567,30.419847746969374
3662,-1.5089872250391438,29.67964460261539
3663,0.6362920061207393,29.582009915719688
3664,-1.5828743589157774,33.688344257610424
3665,-1.6851615998781382,33.189343116795484
3666,-3.9299683668146406,28.479330405539073
3667,-0.9078445987572076,35.125544607279075
3668,-2.8210452828306507,32.51048521709156
3669,-1.4339595647256131,32.5814952492803
3670,-16.674762888971067,21.362377544389602
3671,-6.186772248404706,29.06776506034603
3672,-0.6708447109178085,31.272390826779308
3673,-3.232745981583235,33.30886332880136
3674,-5.302193758420921,30.447965131807187
3675,-0.881877699859406,27.33968226163228
3676,-13.82620502638654,20.844102106673095
3677,-15.136862658797185,17.17427129141147
3678,-17.25212836129542,18.51148025891673
3679,-13.610124798178575,17.489575009368327
3680,-15.78374585640598,21.47702645905152
3681,-14.574641253781852,19.22866927953061
3682,-15.202486595153115,22.818729629327144
3683,-16.276601771674503,24.180610366579607
3684,-14.67130340825268,25.2545829154688
3685,-16.32734517277882,25.168985124646042
3686,-15.989867279292797,25.121863744972774
3687,-15.601554836667594,25.478758299890252
3688,-16.000001626926483,20.745383023601153
3689,-16.99931139893075,24.0907789697537
3690,-12.337294833469864,27.117396723257507
3691,-15.874238706870095,25.758038428053577
3692,-15.064838511666894,18.392249484610385
3693,-15.135325817348436,18.87419770254935
3694,-15.31259223642194,22.966511752820715
3695,-16.403581731517022,25.42032596796815
3696,-15.211952384145992,26.56882575046065
3697,-15.532199122868256,23.536942545074673
3698,-15.199594143027413,19.138423442467513
3699,-15.498743890557165,24.639630228091892
3700,-14.1403361185403,23.59042625225715
3701,-14.406510342366689,20.416767573432583
3702,-13.565257435949654,23.16712250098912
3703,-14.060070303447322,22.668136620872918
3704,-14.388591945052154,23.14573123214962
3705,-13.478318154055406,15.552746490681887
3706,-6.2542674992361,17.931536030244402
3707,-15.956560298570814,20.921782506522533
3708,-15.90581553196856,25.570646358388586
3709,-16.40598995326375,28.85944679085574
3710,-13.522768723263622,28.43640233441443
3711,-9.3313929807415,26.492216287796968
3712,-8.370185449569675,22.252367139644264
3713,-10.111814298887852,24.293103790848864
3714,-10.307756918271359,26.12947369133754
3715,-10.523584480048497,24.959929754010194
3716,-8.798748232064987,24.77324496686189
3717,-8.839624763754108,25.31755413412319
3718,-12.108691915595372,23.067867571425747
3719,-9.701539931491999,24.620391509706803
3720,-8.795306099225652,24.77577516686543
3721,-9.402295867155134,25.81575831528718
3722,-10.564160920371481,26.51571173696669
3723,-10.026066449360625,22.996869041820187
3724,-13.752116066528801,23.474527866572352
3725,-10.86271620672635,24.875145546167023
3726,-12.196978891474473,22.137266425757556
3727,-10.008840167626808,25.684106729986468
3728,-12.974180565225897,19.636817785252113
3729,-9.190342253919678,26.366997267309355
3730,-11.631413085435245,18.630461253970477
3731,-13.317927196338365,20.782057316711974
3732,-8.237678960531824,24.939968854265924
3733,-9.591968506269351,25.992190518503083
3734,-14.286986556643237,23.686594116640133
3735,-8.769040050935864,25.961653442189693
3736,-10.586489039653943,24.608868882921012
3737,-13.794910957945692,19.114861633063516
3738,-9.030781493782742,22.44355583208635
3739,-15.19619384397368,21.55043854558614
3740,-10.387903925039902,24.674243993615804
3741,-11.661199902394321,25.973067042711985
3742,-14.691348650113868,21.520216616524163
3743,-13.302715548134259,24.38237597449175
3744,-11.516633932705702,30.47575881918239
3745,-8.382660283484281,21.463596336853783
3746,-11.49979032164816,25.615583627889322
3747,-12.321768944146617,29.746839053958723
3748,-11.250907113268743,29.610480396638685
3749,-14.22757247318398,29.50710337602851
3750,-14.590235129539067,24.38529253482423
3751,-12.069834825557303,29.994124845279355
3752,-11.437764297734073,25.54815194227193
3753,-12.529980560813952,29.504214840284263
3754,-9.632538923867337,23.441169034050887
3755,-15.06073663267533,21.25086405706839
3756,-14.592216652214246,24.38286929040027
3757,-11.99891336735764,26.92686940301643
3758,-14.454387459530924,24.49993617397945
3759,-12.554232646137082,29.7275474793437
3760,-12.47632965803113,19.822973427347566
3761,-10.511617170057109,25.51069997566649
3762,-13.576352409637746,28.476421987588882
3763,2.3665046128984413,43.18661182634742
3764,-15.252733666877845,22.129162301423893
3765,2.5832526631899495,22.594815760023582
3766,-7.940657342901345,24.827882442675556
3767,-11.03750052036804,18.587203133554457
3768,-17.39061876833084,18.294957773836973
3769,-2.5699906295840864,34.91352964245279
3770,-6.291952622704472,35.92735552431491
3771,-8.893848819060949,23.52515623569847
3772,0.7396681873631706,37.98291950824329
3773,-2.9826173225683954,36.5464720437968
3774,-2.4961217365051382,27.394343143788088
3775,-0.9105416809229122,32.481929216445224
3776,11.25609971662126,31.411388256708356
3777,-5.311729745323272,25.095110738750265
3778,-8.42002069168931,27.623522554611057
3779,-1.3652343711266894,26.295638460927734
3780,-1.2543328734589965,26.96830933824371
3781,-1.3522899778129742,26.46275712191073
3782,-7.647157354316771,25.801058167504234
3783,-3.833452753680326,36.070030565438415
3784,-3.2993929983549486,33.38355308700733
3785,-2.7967036962801326,36.59802841156111
3786,-13.18854884040324,25.26849233251486
3787,-11.112484477540994,21.832542528994296
3788,-13.521855432394078,20.92911752945291
3789,-11.978794172408636,22.87839304263526
3790,-9.285419219562042,22.23672806683061
3791,-13.700001707513927,21.92836838312596
3792,-10.969649530547764,22.538000557638966
3793,-10.688018422085197,22.333162947602638
3794,-11.287488771550752,23.17492991358597
3795,-11.522011266089589,20.961913706132666
3796,-11.088607049965969,21.83799910860717
3797,-11.97134871275226,20.712099318242696
3798,-11.258358552913661,23.509254667017508
3799,-11.591487907287805,29.414195121197363
3800,-10.112560397472432,22.626763706205498
3801,-10.212405740239333,27.426533995058406
3802,-11.129437709091976,20.897107801022397
3803,-10.752443247565118,20.938353467971933
3804,-14.832453507721448,19.651757591411272
3805,-10.243430111893627,22.62997370749429
3806,-10.258954226572058,22.536968054917732
3807,-12.13378873031065,29.936010999922438
3808,-8.023337717480484,23.88572607982051
3809,-10.572578783546406,23.825260862348504
3810,-9.477501262418528,25.99715418959053
3811,-9.83030737137055,24.401848298084122
3812,-9.582073690488635,22.54232515545022
3813,-13.247845592275592,20.783643256694216
3814,-10.561387284584015,23.21531007462405
3815,-10.829729873670216,23.698167744510084
3816,-11.37387362406054,28.68301921980872
3817,-7.923167129488444,22.38302444683305
3818,-10.050670182729009,20.88135767887487
3819,-12.541896867921778,19.321278363232924
3820,-8.276009107769728,25.771855743541195
3821,-10.4589693763211,24.71675407906279
3822,-9.323078554183493,25.07243827237146
3823,-10.408159684218075,27.182267920697726
3824,-9.968106717498493,25.33633317221023
3825,-12.91910309189597,19.881880544543083
3826,-7.333416821671681,25.37826765966916
3827,-10.754610762357704,25.081354929473374
3828,-12.973161719067567,20.31186128881767
3829,-10.102384422279375,27.745206030680475
3830,-8.830284732272279,23.30187249744017
3831,-12.246123711904685,13.331283450303074
3832,-12.938464783938828,23.78512680018768
3833,-13.278616258723527,17.778736805348363
3834,-9.66519191910896,28.66987156840874
3835,-7.123206060758426,23.63430318705383
3836,-11.3865888297776,24.497591894843968
3837,-11.550000286824634,24.26889815706938
3838,-9.047491718461632,22.444982023383723
3839,-12.609161565213979,22.9906142413072
3840,-7.020983970903786,23.548635738233397
3841,-4.705095139850493,22.38899273032816
3842,-9.614647727176166,28.806576288582633
3843,-12.993239572903247,25.89693576862938
3844,-11.710872602202254,25.444541269011864
3845,-6.471397229579625,27.702362407511448
3846,-4.706721046803315,28.919415861404673
3847,-5.464094678310208,28.1827915976443
3848,-10.874960561186235,23.655689582157528
3849,-12.330353245909075,21.58555664275193
3850,-9.415662871156103,20.645941228319888
3851,-9.876500120974258,26.777848328239003
3852,-9.241990412833905,23.62055095548867
3853,-30.61408105940058,-21.676491192272582
3854,-10.636558972250148,25.483473333105334
3855,-11.146356190590845,30.192358835053092
3856,-8.292346313855514,23.144585738524896
3857,-10.204366997007492,28.097296018252923
3858,-10.279927413926245,27.408924089339834
3859,-9.271303657781585,23.608084972826116
3860,-8.668880846712048,22.57953088028922
3861,-8.498011577112129,22.398496466708387
3862,-9.446099580354307,24.691102943525504
3863,-12.371969769250137,22.1267747756882
3864,-11.927348608724314,29.908638698352462
3865,-11.1747678470812,18.739612861264153
3866,-5.509018409542544,25.201230847616234
3867,-4.3812310525187055,26.877302495627866
3868,-4.4835098764460115,28.122128291414842
3869,-4.379795524196167,27.192003390266283
3870,-4.6158237276669976,26.683062781848392
3871,-5.372667110542363,25.325748486881178
3872,-4.600242613492322,27.67533429742731
3873,-4.2290637919989935,27.973578379284742
3874,-4.350681696925402,26.4541354655121
3875,-10.65732061868187,29.751130860342727
3876,-2.768064122657993,27.99361078100971
3877,-4.207268613782096,24.071103828464842
3878,-9.761203622721645,20.880836005005413
3879,-3.5969894295978464,25.293953035255424
3880,-14.946896922968149,26.628182789599006
3881,-2.4165865533333886,21.85468742948841
3882,-12.177023141854594,27.949360028188767
3883,-14.947073712468622,17.020923528644317
3884,-12.463842505120361,27.547460470311897
3885,-15.27066054465769,24.75758351282645
3886,-13.077934881338994,24.598677187401794
3887,-12.422670933774183,27.160232222898237
3888,-10.876588061158694,26.770274224961284
3889,-11.60530975382904,26.555784709116438
3890,-12.200325338731746,27.320444882357396
3891,-14.365031196268754,21.84351035350829
3892,-2.6215489585827534,38.02470867492794
3893,-1.4839549446530786,22.23767183991463
3894,-3.2966367867155264,31.3506845361673
3895,1.9403684167447992,33.63626197820113
3896,-2.631433396908997,26.114009731696427
3897,2.2069340661459607,23.009502140354527
3898,6.403223496750739,30.64459296351821
3899,-11.43262849856248,23.817968052638953
3900,-10.778372526114108,28.56150107170799
3901,-9.645422152327667,21.217254047511606
3902,-13.408482685422115,26.549881013249397
3903,-13.791535869635046,25.831415315030284
3904,-9.089146647321254,31.289794478861264
3905,-16.584580794516764,30.94030441582507
3906,-18.405724186605713,21.13806616989122
3907,-10.045084796617752,31.876455207287247
3908,-18.02436527792058,21.671652495598412
3909,-7.266107584912905,30.580815007724816
3910,-17.64170150591903,21.75947310316067
3911,-7.288643869711391,31.065045726360992
3912,-6.723139910502771,32.16517227708641
3913,-19.14515113363349,21.410583169436357
3914,-5.25099326443549,27.005150898914245
3915,-7.209631908021138,31.196488899655463
3916,-5.766965725867132,32.258657098341885
3917,-6.315536197365966,31.881392705162465
3918,-6.4823699655164795,30.25191532886251
3919,-6.30182990064579,31.216372007377572
3920,-5.678529294711087,30.546505851615542
3921,-4.032923763807393,32.20066566304259
3922,-4.570989834372643,29.58844547888622
3923,-4.012302728036209,31.42057450654865
3924,-5.035209852587584,32.5070340141791
3925,-4.0249923267970535,29.875241413153535
3926,-1.9883415122478694,31.777079509717275
3927,-5.56800077711469,30.692551408418364
3928,-3.796420388183819,32.35176117778139
3929,-5.390900659040078,30.219738185937924
3930,-5.587352512062751,30.009306733380615
3931,-3.057702259893386,32.6384310124747
3932,-5.479099232644859,30.969680355027254
3933,-5.554863486182448,31.142201471619202
3934,-4.370052903628377,31.587657721511817
3935,-6.761147277440779,31.440693276951233
3936,-3.4123364077902574,33.0483508343651
3937,-1.9358613995280116,34.97332776497847
3938,-7.091748452497567,30.30733846554268
3939,-4.168360859716881,28.73117952737202
3940,-5.3149942448143515,31.182106289516764
3941,-5.310485482877928,33.99235929771361
3942,-4.6338325662910815,29.48079940876183
3943,-5.189646884373276,33.97365656532705
3944,-3.971674203020895,33.5614041478903
3945,-17.030197522277586,27.020662252339626
3946,-17.252092705290337,26.83139144230301
3947,4.2477900458848765,22.33353021644916
3948,6.351584256028463,19.827169315239654
3949,6.467743047490903,20.947932636526023
3950,8.889939492201334,24.700557782474053
3951,9.112741282661196,29.700037874725243
3952,8.082587195250136,25.116761199527396
3953,14.573482971461317,-6.266575512836452
3954,9.978151061442396,20.83696926895908
3955,5.906426166821177,21.162719577180358
3956,4.696812203666391,21.56868897820632
3957,2.806678981653814,20.39175991912127
3958,-1.5944998621765512,16.49092375616588
3959,4.365120941125796,21.91050387331281
3960,4.799159950667141,22.765677367232705
3961,5.466795606484989,21.099175999131326
3962,6.522046237258498,23.17328509933649
3963,5.969089713460517,22.214067799777133
3964,7.731190110305908,27.42476658169596
3965,3.528948410938274,21.873210784764375
3966,0.5371845505975017,19.264543967697275
3967,3.96420320527586,21.219461063011135
3968,4.848158530769476,21.050742772391352
3969,2.76327229181457,22.179999794078732
3970,4.729022335461846,23.681631344163893
3971,2.4941006148002955,21.97843972983398
3972,4.447105936221362,21.031648277760546
3973,6.757117433199284,22.95369747526711
3974,6.333610808501567,23.61230741144452
3975,0.5517809416380877,20.925943283616373
3976,5.364328635108048,19.922836255581316
3977,4.118489240844344,23.362241036123468
3978,0.9099153728588395,25.067246632719147
3979,3.4534863224332604,31.445789693068086
3980,3.574741783972063,17.668743786556206
3981,0.8876727307028274,26.77258941292252
3982,3.9862260274671826,23.294409187229352
3983,1.8376186256391316,21.35081027277123
3984,0.4982576991452263,23.996330453755757
3985,1.697004476507164,21.40892737297965
3986,0.9904344805189612,29.022655619662682
3987,5.440597709735809,28.632577468273144
3988,1.238754110094748,20.510543784804327
3989,5.81263152314867,25.96311417512013
3990,9.290349869145512,25.991364737668334
3991,-10.052420387191072,15.74428485861407
3992,8.02529223818939,17.93640126628574
3993,0.03459976138666131,24.268907085342025
3994,0.8841205463022931,25.539623804854486
3995,4.123065051024104,17.563487267562856
3996,1.9512117200583665,20.004646231738462
3997,0.24894735978197702,22.82372922682223
3998,0.8329854452742523,25.693150321472075
3999,-0.1764252692029883,28.49104459339485
4000,-0.536756429425403,28.83027480751617
4001,-0.10533371323881838,26.789617009872426
4002,0.8462022339130618,26.717483833672965
4003,5.813234448079467,19.808046292663214
4004,1.0725002797395704,28.207473910190252
4005,1.0618174574958803,28.37524292579841
4006,3.355093210098663,18.045922270430445
4007,2.3244444074144477,27.15908350870008
4008,-0.5878294314858385,25.320744066858186
4009,2.0361219836486897,21.364724056970452
4010,0.5876162928333827,27.11732420047119
4011,0.8665274496343492,28.6530893443602
4012,1.1960961732661959,21.473916527897675
4013,2.4082725259117956,19.96973482507368
4014,5.133060478652768,17.824510504905707
4015,8.3636665679647,13.184473763544286
4016,10.857171181583915,27.882711441947283
4017,5.781049386433952,24.47419686500996
4018,6.209533852405276,19.796591209674695
4019,3.7911760547506748,21.62399870129274
4020,5.467104314708553,23.95346291958744
4021,0.8238991441786305,22.577928160749813
4022,7.373744696949549,20.051349475882176
4023,5.352693445096245,21.989528296685208
4024,1.2339728635257334,20.975179744399448
4025,3.7628754170581056,22.194154582771265
4026,4.419617220521284,20.187453750478525
4027,3.8259910097511325,19.43783224001936
4028,6.095243348230738,18.817259338423277
4029,7.430245117418382,25.98938938000647
4030,4.864258586860102,21.05943460546216
4031,7.204832249065899,24.42026589490577
4032,5.958121853678509,20.273632587647217
4033,1.5293381779036583,21.531118573067236
4034,0.9090495259683476,22.563197555075774
4035,5.039709466755941,25.472150207171726
4036,4.022574953268029,18.035301723226063
4037,4.571253964473777,19.870060420346746
4038,13.485284988988479,22.115768490522598
4039,9.620592483908089,27.187947170234363
4040,6.404591239143115,23.4241040939687
4041,6.714597162870563,23.087840014988252
4042,5.691396342576911,21.42040495576048
4043,5.342298746142326,19.58618185377911
4044,9.477992025383857,27.115815157280785
4045,6.470370876139591,22.409554421484938
4046,7.65266195884048,25.231731947927816
4047,2.7717223565532634,21.61826975419429
4048,1.0378471318976823,19.057456536255483
4049,4.933658276961034,22.698617277230642
4050,7.720153379365933,21.889566313813333
4051,6.400136347029362,19.370221341417846
4052,4.9928631508878825,21.257658440794863
4053,6.233255526442225,21.960876117170127
4054,7.366493410009846,20.103657883973543
4055,6.964156535826651,24.55643965055714
4056,11.544853078807293,22.975774384423183
4057,6.218911470858704,21.043364020860402
4058,13.513652614051875,24.00592880171665
4059,14.76265863189626,22.283501636268866
4060,9.519246411362362,22.309478058759666
4061,5.70905778463064,24.774394418972673
4062,10.359893630935783,25.78197930954862
4063,3.8762542807685896,18.38337892018595
4064,9.804097073740296,25.95670514013198
4065,4.582972853734256,17.462168010671785
4066,9.246213168286905,18.585946913408225
4067,3.4677789653832303,23.263441602996828
4068,13.966440441220694,22.1796746462266
4069,7.798673839649637,23.782452953199535
4070,13.671174266175703,22.797877996934638
4071,7.437223689206024,21.313508812118652
4072,5.127627422322555,20.747759873207638
4073,7.334044391703483,23.44181960840229
4074,6.25882963938763,21.787817844820115
4075,5.87979653828978,24.63477959085176
4076,7.16343056133957,22.468249482313126
4077,7.8048253573450985,20.836197220561967
4078,10.600798953554442,26.52325883002766
4079,8.625908021101328,23.084633501243584
4080,8.313355994391554,25.744387874502568
4081,8.857560390277929,26.107247596856716
4082,9.484556900316509,20.95795204871966
4083,8.087752051395052,19.97793597313643
4084,5.493409815951253,17.867976874598654
4085,10.989348807003797,22.67352429785236
4086,5.2789815529234,18.290667887947027
4087,9.413325145918167,22.683137819163967
4088,7.189859154346904,21.12825130584406
4089,8.498529356631984,13.016471147366207
4090,5.862498433382154,16.23661309645004
4091,6.205044526219174,19.98551693819366
4092,10.779484247620028,25.049503412970886
4093,2.045634728211339,20.694187596126902
4094,1.9496424177553031,20.952170746496506
4095,8.248478004870538,22.36917777045448
4096,2.332102602471197,13.901643623921528
4097,7.731055524986838,22.3229844620173
4098,9.611412786448833,19.657636801684347
4099,6.521065119710892,19.25085804185099
4100,9.589875016479754,20.99759926632407
4101,12.475059463865374,21.527759526510106
4102,3.127145589948856,20.55912420759594
4103,-2.9206760540438967,13.583061798703442
4104,-2.926952352225285,13.582570477374185
4105,4.575411454901877,22.34984557797139
4106,7.910999227078703,21.089390812104952
4107,10.870341167835743,21.82182452506223
4108,8.719199080320431,23.168197878086442
4109,9.276870699820208,24.742943210049912
4110,11.38270742868123,20.88962552437756
4111,10.23938581494975,20.724855763119102
4112,13.537736352684503,22.618631255778087
4113,7.4425911710901715,20.782289257317295
4114,9.451313300760397,24.560921432720132
4115,8.18065441053837,32.34158665359536
4116,7.712757362233403,21.62753148904343
4117,9.339045083602056,23.77369530052358
4118,8.984801079875961,24.360753305212892
4119,9.961430770321893,23.77139807787313
4120,12.620694529778012,22.5197714255586
4121,12.107007085943444,26.102550552619796
4122,10.886426469100194,27.72272030176888
4123,10.552173051032595,23.653072497505196
4124,9.78885210959327,24.67538159257658
4125,10.450680674764357,22.41634371927519
4126,7.937897446782365,24.11212914950086
4127,9.218473872239484,23.665350831462458
4128,9.17054117349865,21.048874316263714
4129,7.219375023893434,22.58946820084511
4130,9.111784738552263,23.052134814231803
4131,12.17521491075216,24.244907224900686
4132,11.480653028821887,19.723008104936223
4133,7.283571421177967,23.964670916584083
4134,10.177853554354519,22.81764067558274
4135,12.96835911807708,24.204341018000306
4136,8.65274087340706,24.048411903273013
4137,7.0409425382259485,23.992956434613948
4138,9.026735208093532,20.31575326193851
4139,11.293046064361416,22.285614296915963
4140,5.513855519424579,22.53733369281867
4141,9.04376308321066,19.4230979891573
4142,2.3082613381852193,19.100232149450708
4143,4.350031818329218,17.13158337038356
4144,5.029033427371654,16.649026594014533
4145,1.1188403892584005,25.199208821098054
4146,8.502005951449595,17.71535316577187
4147,5.499474836406512,18.36370584691329
4148,12.386473696454452,25.177031345236767
4149,8.485954921153082,17.785213012351434
4150,8.91900180581533,17.524214881136437
4151,8.690587470799263,18.10029189149089
4152,12.788614857545356,25.25293482478729
4153,9.001405862178915,23.138692711955322
4154,11.227183320266326,24.978695184018203
4155,8.742910296296714,21.212222882583543
4156,10.684221112741861,22.60565279130074
4157,12.359193591423308,23.818636005357433
4158,10.135628584722241,22.784642422752984
4159,9.894291414405027,22.26827548702051
4160,9.018649291498978,31.283073760509176
4161,10.609458798245702,24.77050377384784
4162,11.045214101394835,21.92300799109512
4163,9.158091460555523,21.31162139161702
4164,11.990102259328424,20.96208986118494
4165,11.065307518173075,19.71349921316152
4166,9.272916188360641,19.790516907324402
4167,8.985618674744686,19.986020318913642
4168,10.093637419931445,23.527161619917884
4169,11.032588325905751,23.34244693036456
4170,10.675993506784767,23.793488879505155
4171,10.864434484370262,23.53409866789077
4172,11.329522924860115,24.839363169786964
4173,10.822557956276194,26.468231431766576
4174,11.675549793184882,23.34959190127519
4175,10.741251661194374,21.215942989105006
4176,9.63189884339037,21.38910495332285
4177,10.647886354969156,21.989591478556637
4178,10.90655104136926,23.73755395299892
4179,9.839672602676972,20.894994267870043
4180,10.448170094154952,21.729955039310386
4181,9.06697528588235,22.988689287979582
4182,11.29414511440985,25.79052895288419
4183,9.788847629940268,19.062956976187106
4184,10.427086758276827,22.131674409888323
4185,11.450967296400638,22.52812875397979
4186,11.2328365763019,21.42933396879353
4187,12.554494217375206,23.7264905824577
4188,11.05138946620615,24.38125697477393
4189,9.385076383241849,19.105133521646053
4190,11.604113226189973,25.811694903373876
4191,2.2149840051698804,18.95169307265028
4192,9.632215525911715,22.897535694060537
4193,12.103134776848636,21.663546577055694
4194,10.704483071633293,24.180564471137888
4195,12.582835893424141,25.254340817239385
4196,10.017989462439635,24.673251743385443
4197,5.7397848036469,25.036479332201154
4198,11.589502376548575,23.740415337623443
4199,8.615955988841398,21.024602400327506
4200,10.61586044804936,25.03950274918649
4201,10.809757276468549,24.80346742704993
4202,12.0873066695985,24.86704030824151
4203,3.1555944578902633,21.61601794053412
4204,5.39632076083116,18.16517315009096
4205,9.739372207917352,20.76330736787446
4206,8.856019468789803,17.561096567916916
4207,10.659288835064357,28.281929780632016
4208,4.218028316652169,16.98722633760092
4209,11.116425552814144,19.573707309926405
4210,8.773312624087428,16.108728304509224
4211,8.38943056234681,16.191370098806757
4212,9.762762079094088,16.00951085850229
4213,9.659020351120478,15.794883738588755
4214,9.580417768162267,16.271274723403724
4215,9.65018163036785,15.799024460922485
4216,9.531036521159923,17.36183423555698
4217,9.049085661750532,17.263424170841567
4218,9.417912611070616,16.140809212737516
4219,8.170733435201214,16.512654744373073
4220,7.8028676715035505,16.779803971131734
4221,8.853413350964978,14.827072319435947
4222,5.624256213230609,13.080435116279242
4223,5.781516374142547,13.22463561827467
4224,9.35253484433609,14.964314427447134
4225,7.536828845472565,15.130406531363274
4226,9.067574512940999,15.015529804036507
4227,6.998205445080405,16.248687794445406
4228,7.741084919492667,14.571032384645038
4229,7.721220839640504,13.52885757691086
4230,7.7832278289069015,13.441282671435346
4231,5.423613432535708,12.85736629719439
4232,5.5329044215476015,12.255915757076783
4233,5.229770582174922,12.969315414778276
4234,5.115023533480369,12.503221425496722
4235,6.009023639168266,13.502725287726376
4236,7.0328292934732,14.07040231198252
4237,7.410027694401596,13.174167030139367
4238,7.016809489753139,13.07303645242156
4239,7.496758040017045,13.276513197640902
4240,7.45690714546248,13.240597991428675
4241,4.9070163927804,12.862998274945438
4242,7.274801332707569,16.26038782350271
4243,6.950037853908258,14.368380787124973
4244,6.505936365931529,15.071625465114272
4245,10.864643523149988,13.55464329143919
4246,10.802148838774414,14.277166910035891
4247,9.567230541404367,14.832480874202139
4248,10.76298281531842,14.2291485425497
4249,10.778156537411393,13.793384851411911
4250,10.796046334541122,14.307531929395978
4251,10.792841729738806,14.006866539242406
4252,10.74792562113214,14.320752348836153
4253,5.910049126795321,15.64142002049097
4254,5.8391564588991836,15.375228956344309
4255,27.151619177054638,-29.908038033840562
4256,26.636505908725493,-29.978091137937618
4257,29.11075444559987,-31.792024885523823
4258,29.48566512718714,-33.601462354597324
4259,31.94863621378562,-31.926281584364975
4260,30.966784828234964,-33.31707699918691
4261,31.919386377718144,-31.114987338115
4262,32.23145793611906,-29.721200883174305
4263,28.434465872836356,-24.109798277096377
4264,28.902653557517578,-24.000795408413918
4265,28.02098566022605,-23.106447016510067
4266,31.84797807927049,-24.108931202211988
4267,33.22266725594369,-26.588092181195535
4268,34.60875987028133,-28.547532417387647
4269,36.605388534321825,-24.630017336183123
4270,32.58550426969435,-29.295849403514246
4271,32.60180345826423,-29.8602161296471
4272,34.99621926899328,-28.209854711770095
4273,32.61822883874363,-29.9445029663455
4274,33.12475965005456,-29.37635438800871
4275,41.038301711854366,-28.544013704156296
4276,32.517309904467226,-30.839734063937556
4277,40.500330502299434,-31.204507514869245
4278,32.225506897171606,-30.47151262039763
4279,33.64778469417714,-21.414778491429995
4280,28.156969228069027,-25.08047730610625
4281,27.631588997764762,-24.08466167912734
4282,27.994390048993186,-24.582817570361307
4283,27.851994841412917,-25.304915423450584
4284,27.64505503622964,-25.890060555088645
4285,28.15283846998792,-25.10919472853152
4286,32.09327412850187,-25.308746496217093
4287,30.43285706443771,-23.204724629340113
4288,28.140510018501512,-23.137049250829957
4289,27.54024219963666,-25.90375270756047
4290,26.72605765759245,-25.427665778480335
4291,27.656294496190686,-25.363902336902537
4292,29.375387667302867,-31.93115219514311
4293,44.32533116495551,-27.969710842814948
4294,31.9651388644518,-31.193941813018487
4295,33.675748541804836,-33.817816273502366
4296,33.34918428070909,-31.44736738135976
4297,31.717264916198072,-33.10651638102898
4298,32.96920110579391,-33.6213361512072
4299,33.360059817056666,-32.900505309115516
4300,30.216396378613354,-26.788571613252714
4301,33.42094311321566,-26.529237556555575
4302,37.55408564714811,-29.937335003556885
4303,34.53678943910302,-27.96332477015423
4304,28.795879267662322,-23.606485609561553
4305,28.934657023609162,-22.077551403471027
4306,28.51977888417521,-22.75044028383761
4307,29.248014471187414,-26.354599294384215
4308,29.916492027984674,-25.139791393157637
4309,29.089103126118545,-25.683892191688656
4310,28.849332701876964,-23.451017765953495
4311,28.29772599498884,-23.578434679175242
4312,29.8928945186381,-25.323243110729685
4313,32.50950131074244,-27.043100483823416
4314,29.472543630072963,-25.130058288795144
4315,29.69231056817839,-25.40530182788087
4316,30.400077970685736,-25.605535822142297
4317,29.0130098585898,-24.192465998925943
4318,29.808115241150787,-25.057469532765836
4319,29.884226121857743,-23.4842015591503
4320,29.315996673272306,-23.22681038334029
4321,29.22281012690455,-22.358898183160722
4322,29.13506522422239,-24.04385153139138
4323,29.64150088060856,-24.344174846233305
4324,29.86302749508602,-25.014288456092896
4325,29.10799823874498,-23.928050542641582
4326,29.292173080148928,-23.45146702429254
4327,30.47346823686828,-25.817221094338578
4328,35.253821848388604,-27.22017292836935
4329,33.090578938415895,-27.45059894466615
4330,33.20245632113753,-26.906472821987347
4331,34.574869891349564,-27.933900628314685
4332,36.14857878354786,-29.950545727147823
4333,33.331399117874774,-29.533133827370005
4334,29.76789869900517,-28.172104322801268
4335,33.529857908036,-27.491799742789155
4336,34.9127012823517,-30.122781564740173
4337,35.02172346189399,-30.401692650254937
4338,34.118916994014356,-30.125802159623397
4339,35.88692482881766,-30.82463563126434
4340,35.197998702118134,-30.74951541172925
4341,36.93962862359886,-31.282015024429057
4342,32.834198250600515,-25.14346691030127
4343,30.697091072800973,-21.941032469810875
4344,31.538914280857735,-21.951422650597262
4345,31.0317866780396,-21.953828756574968
4346,31.46477734474295,-22.04858390561396
4347,31.770539648065242,-24.695642257807155
4348,31.455836771361227,-24.726720755975204
4349,32.47975069110552,-22.516373888830326
4350,33.731829683241415,-23.593478922247407
4351,33.91214845083218,-21.197818875924693
4352,32.2909165703439,-22.06176057995892
4353,33.58478558041164,-22.887662176901387
4354,32.29306229605408,-21.90040115164823
4355,33.34382417047068,-22.574691506649422
4356,34.01661818250252,-23.52970369411614
4357,32.044151971839604,-22.204170617852323
4358,34.05787855748878,-21.107396632104503
4359,32.89933445698061,-22.239135857372645
4360,35.68530473467428,-24.444963684315525
4361,32.17776876015371,-23.163240069672185
4362,33.606188824260336,-21.292805079952718
4363,32.87142361936644,-23.759472436275978
4364,32.89556807824394,-23.754300000621814
4365,32.493591312470116,-19.884154565196436
4366,32.11283293935263,-20.450354705896178
4367,31.928149466515226,-20.759611795446816
4368,31.526628897686525,-22.09967766387454
4369,33.26516624527174,-23.800876926809497
4370,32.070788515204306,-21.929790567890592
4371,32.553063478108726,-22.783174183602874
4372,31.717196686440364,-24.12835603212586
4373,33.327183422727934,-23.75842258230213
4374,32.426787788077604,-24.21521365796125
4375,37.81546876816649,-25.266898177917835
4376,40.093428251343056,-33.68712711434922
4377,37.285080522534464,-34.04301298943856
4378,34.62952261101378,-26.589715803301633
4379,38.312145833970504,-25.588198825042763
4380,34.608451292460906,-29.195439749142835
4381,36.847664430512324,-33.5312824978328
4382,38.043044312447186,-28.30957058667977
4383,36.6507256791168,-28.615241229679686
4384,34.17062724907018,-27.622074995057975
4385,35.688753201221736,-26.865201249311355
4386,33.89128141739841,-25.447864214881033
4387,36.344839010637024,-29.30064082191385
4388,36.14653989916491,-26.903317402156777
4389,35.209270695012314,-22.639420206907232
4390,36.86223670752983,-27.619558575284763
4391,36.13225545326444,-26.135530479083556
4392,39.11626863390196,-28.78354730383892
4393,37.81531610357676,-26.31973391777745
4394,39.30337616540533,-29.395248788260712
4395,40.19213259549741,-29.052857349688693
4396,41.344986572751495,-29.00091245309772
4397,43.26213728328511,-27.576849758729125
4398,44.674819203066875,-29.942685571881242
4399,38.2553298092141,-30.703771153711244
4400,40.862849557082086,-34.936943876451885
4401,39.97355961631509,-28.909453362576294
4402,44.44846733917908,-28.621131059131606
4403,37.30623319745228,-29.583293131248194
4404,39.33369432007556,-29.485686031163354
4405,40.17047002501099,-29.888455715214533
4406,41.3004965778084,-26.039943623306453
4407,34.26119426347583,-29.37193222130389
4408,39.888574082463236,-31.230928569063238
4409,40.960507746974706,-27.6767793482209
4410,36.79127557196301,-26.76379505894261
4411,34.36252505809893,-26.160888223237336
4412,36.881692162116984,-29.420676016751482
4413,43.39686145516989,-33.086095216506244
4414,44.337662424509126,-29.229202526828516
4415,40.84657423908811,-30.02076114638064
4416,37.98636177242477,-30.3919319096907
4417,35.58880976408654,-22.76256382015141
4418,36.86201912482415,-26.376676690480906
4419,35.28868187931389,-27.556743454784325
4420,34.594919613882844,-26.08102519100142
4421,39.33943454924228,-35.0477414839591
4422,34.92545661424371,-25.800291438171712
4423,33.57603440068076,-22.7949745185591
4424,35.32116855320482,-22.86767882249625
4425,33.572874557088824,-24.997562522110965
4426,35.27427585647272,-22.76728934828939
4427,35.56240557978778,-24.748547814901585
4428,37.035476468516364,-23.06368677700523
4429,38.04867327070062,-24.077457566039655
4430,32.39001359724996,-26.11539364152458
4431,33.889971603989835,-25.324874093939474
4432,32.55369950487065,-25.100649937700684
4433,35.2221144572952,-23.201757955440215
4434,34.91411592342735,-24.725581723642232
4435,37.743812854885896,-25.653184191603476
4436,37.865751565672134,-24.885485593146658
4437,38.57012841746956,-24.7850742821909
4438,35.37799031190038,-23.27470168576509
4439,36.60925526334478,-24.24213220188204
4440,34.25503652024215,-24.822640234480804
4441,33.73619196029008,-27.30859677663827
4442,33.73918558368187,-25.17951287710513
4443,35.086970956645814,-22.651474072144666
4444,40.44476768642488,-26.07591592812294
4445,33.15557054236547,-25.251806900605114
4446,38.244009883164466,-24.087528695007652
4447,34.92536373706587,-25.5612490007326
4448,35.26304433334983,-24.38003612057587
4449,40.07473921080374,-26.65408953533784
4450,35.51820459481314,-24.700382658653627
4451,35.99057119610478,-23.918862197044575
4452,32.668349574497434,-19.69805356640377
4453,32.48244263386037,-26.002114088487087
4454,42.07067280777409,-35.2101147618428
4455,24.899461639920094,-3.7714530350425037
4456,34.272463352789075,-25.550074936926105
4457,29.7151048737177,-21.974884084469632
4458,31.717958229988106,-24.69671215746995
4459,41.62691858194728,-27.76357508516571
4460,33.908083063177074,-27.037831232533083
4461,36.364018536935724,-27.470086643689626
4462,34.821586559714554,-23.92951432799836
4463,37.732982283413314,-26.398667548247282
4464,37.15507997452443,-24.177111542627564
4465,38.858387152506495,-23.94051702163022
4466,39.31268201037792,-26.772150198505965
4467,39.242566356478825,-25.349698337312788
4468,38.513169544778954,-27.016236829583136
4469,41.96020523992083,-30.070557849049777
4470,38.47467508216257,-27.141218277531205
4471,36.49701656232221,-22.56348487604054
4472,43.030860688135334,-35.67939846877115
4473,43.7486964638933,-26.387492497646583
4474,37.32059917599812,-25.985365842708372
4475,36.57171828087407,-28.045271916127056
4476,43.297941580359286,-30.398096367244076
4477,41.30854648472126,-36.47140355486829
4478,37.532064704035776,-26.236270484279906
4479,37.17174623553749,-25.912725508496834
4480,35.59889561748685,-25.4216627461675
4481,39.38918617128675,-25.337312334797726
4482,40.092811470841895,-26.261064587141014
4483,35.13429892556461,-25.162418017936137
4484,35.92790089459738,-23.800785851252954
4485,35.610807936104855,-25.582210125300772
4486,35.9168110911872,-23.71841645718976
4487,36.3515235718805,-24.902513994372132
4488,37.75264758714047,-25.0403191787515
4489,36.07402855861665,-23.612566836829195
4490,38.78792470739376,-25.897460515953448
4491,35.870389763997494,-22.831836781549654
4492,34.775922084907165,-24.21759754716464
4493,35.40875275340396,-25.188635205260926
4494,39.45170090948682,-25.26466341073425
4495,43.75690327940064,-26.503077476440943
4496,45.95988857064832,-30.675908814425537
4497,39.587331068708885,-29.9539194298179
4498,37.53541991654002,-26.110278264966205
4499,41.19813400025141,-26.029620047193102
4500,40.4540179517999,-26.36053080331801
4501,39.62034738337061,-25.04163763283778
4502,36.09904399506726,-27.955848653394487
4503,33.72977661661494,-27.076460633972786
4504,35.41368550351643,-27.257910687136558
4505,35.77317507654157,-27.768422005104505
4506,35.85930009668645,-30.345686502954695
4507,32.3177442958804,-33.5738706813253
4508,32.82336918471995,-27.979048104890126
4509,33.28082406997311,-32.987289942417696
4510,32.55520068664654,-32.98663072843947
4511,43.268193625840716,-28.355210877401987
4512,34.77990803895693,-31.619551346659637
4513,36.4265166800183,-31.095070126463913
4514,36.68644943859328,-31.34190238721203
4515,36.510690553719435,-31.222349508167877
4516,36.62086557342101,-31.077647147440494
4517,36.013807099096574,-30.757153094735983
4518,38.391357452754036,-29.353972639557018
4519,39.5016272899782,-28.672661566417407
4520,33.21360071877304,-33.381081480965555
4521,33.01476972507932,-31.57578030318333
4522,33.045670079000764,-30.236026452502124
4523,32.20935047167582,-33.62680863341763
4524,38.810473266973005,-27.91102635539807
4525,37.64439531093592,-29.980452599161
4526,36.72999165723219,-28.852981036122493
4527,32.023665066655255,-33.87590787145559
4528,30.514100549315256,-32.607834424571024
4529,32.177448967075556,-33.232409530261286
4530,30.26017661341222,-32.5419431837264
4531,33.445090381470536,-28.159925652137712
4532,31.890618859229477,-27.516268754739666
4533,27.508823813216537,-22.546640752377204
4534,27.729699970572216,-23.20833088861185
4535,27.83727927669883,-22.633880361141113
4536,27.97716010868732,-22.21621607728886
4537,28.126278125480795,-21.785452757297328
4538,27.8184497610191,-23.248258292806327
4539,28.615371460198904,-21.906193092065646
4540,29.356959255785128,-20.902348227736994
4541,30.103940858214607,-21.378081322046505
4542,32.196948989933006,-27.815312108618404
4543,31.869018933655934,-27.923787769697565
4544,39.457415286366036,-34.98866217698492
4545,38.83737001737121,-34.00541299106003
4546,41.10623902369517,-34.3711065061014
4547,41.794355438550085,-32.74086003615754
4548,42.216065659710246,-32.648197248270556
4549,42.79892988403373,-32.22721058003624
4550,43.18325943059626,-33.34664190533975
4551,42.02735582070507,-34.63910210951449
4552,40.93775459017282,-33.22374241082326
4553,41.687683568062354,-32.86010732783712
4554,42.60096594485997,-34.07151483700174
4555,42.18741175998271,-33.16110940152427
4556,43.53205565283154,-34.92332775128111
4557,40.92785016052863,-31.08185851924863
4558,43.72635515028259,-32.90256869837837
4559,42.6821836113907,-33.385155270913124
4560,45.040863413927234,-31.11073761344588
4561,43.369075473459226,-34.06995228408067
4562,41.841303271353226,-33.74128669376275
4563,44.61949444307474,-30.91603280048408
4564,44.426628642298915,-33.361723221809584
4565,39.74062469820038,-27.801767056775297
4566,44.08055145250862,-33.807931222755975
4567,45.92852819876573,-32.93388982359701
4568,44.36775374573256,-29.643708954634857
4569,41.26426706306942,-31.63636527990415
4570,42.64848440744163,-33.96951461680043
4571,44.97488111406208,-31.102024593744556
4572,45.08301815898751,-33.7878571455249
4573,42.257471340330966,-31.761270641144005
4574,44.22162903021902,-31.254432376756984
4575,42.15018235366132,-33.830242832366785
4576,40.7914383326038,-28.9856678278784
4577,41.551591815650184,-32.2018520601869
4578,40.120171095671154,-30.7159283849558
4579,45.07544483663402,-33.52923957358846
4580,41.6057985760959,-31.001346567703767
4581,44.84775481205796,-31.15752613284143
4582,43.87923263454571,-32.60374380330559
4583,44.50871478232034,-32.84323811612888
4584,41.01165662502057,-30.529162374099005
4585,41.24296312761143,-31.56298088693038
4586,41.684555618315386,-34.45511203761496
4587,45.094239069879045,-34.11747896268829
4588,41.245174899016625,-31.596131534897744
4589,41.3751748835647,-30.322387525329134
4590,41.68247264521946,-30.87245104261599
4591,41.280177397985,-31.101839575112674
4592,42.5788009344057,-29.54026928203043
4593,41.11186468525605,-29.896203678441378
4594,42.060986949201755,-29.764386627811394
4595,44.09230209608268,-29.53632353786259
4596,41.238426475131966,-31.634778351591653
4597,43.004223425371215,-33.83308480619699
4598,45.454827566116315,-30.706679300533935
4599,42.54612859944979,-31.508414027022834
4600,38.85434759686358,-30.738224515933222
4601,40.04955871007094,-29.509059333713004
4602,42.963544528111456,-29.99339719475404
4603,40.06551795039416,-30.19271804591173
4604,41.3316363506928,-33.524686831010236
4605,43.77878997180645,-33.13294253165803
4606,39.23777631435986,-30.319445110142475
4607,38.73991818681008,-30.81133621192656
4608,42.067733311724545,-33.43979906338713
4609,44.24483062586599,-34.112132958912575
4610,43.59890070878645,-33.60585034584208
4611,44.058659966143466,-31.13284422600008
4612,43.99607457077475,-31.574295254502925
4613,43.408701838352904,-30.009594213755538
4614,45.02988577863294,-30.57217149874429
4615,43.68882101815057,-31.004233890328454
4616,42.52831474472662,-32.192719834079725
4617,43.70662386037935,-34.91781175303944
4618,40.17445670117128,-32.4251360436872
4619,38.43421016069191,-29.460369469024148
4620,42.85014368608135,-32.616363876100394
4621,42.858785683623466,-32.240582832541705
4622,40.275957083736735,-28.721421248681843
4623,39.916925116277596,-31.264354941257206
4624,42.92868823140661,-33.23583825492378
4625,41.814730730272736,-30.363780797373426
4626,45.84509271825965,-31.800534004923318
4627,41.118727852493194,-30.617547756901168
4628,44.04022721800797,-32.343327885837695
4629,40.46174607262846,-29.144988333450154
4630,44.60217652483171,-30.587115210019093
4631,44.443437426990656,-33.39063442185786
4632,42.53824847340585,-28.399706238118906
4633,41.29841743058356,-32.018814132554134
4634,44.766300223390346,-31.363300450733814
4635,42.52314159080089,-31.852764169210175
4636,42.357312003244864,-34.94243154370183
4637,42.451649557128974,-34.27945768711729
4638,42.134287952085316,-29.389954019256756
4639,43.6499470617689,-29.102967255553683
4640,40.91990516288054,-29.592325097232642
4641,42.370370660321065,-28.527087327900954
4642,41.57454464202202,-27.79769386981037
4643,39.34484535554754,-30.197693581546446
4644,40.57055629094169,-28.42575101228364
4645,40.774671920598095,-32.82596100303673
4646,45.73804866362883,-30.57735866916445
4647,42.34207315383104,-30.07158581082143
4648,45.89582622457392,-30.63307359125055
4649,42.526049300945544,-30.094095779108024
4650,43.48082676048732,-31.532599461350262
4651,43.21377968728434,-30.093998433993423
4652,38.15645209801976,-32.25500611127813
4653,40.456149188304394,-26.98306157788124
4654,35.48709366441269,-28.23471901266268
4655,45.01287965920823,-31.97297220555523
4656,40.138511754296694,-34.088080757686896
4657,42.285485648650145,-29.478054441352604
4658,42.410041474523396,-35.13223790196095
4659,43.26136340188794,-35.81607605132686
4660,39.4321804139419,-33.085449073761175
4661,42.64638869259867,-35.617130352709424
4662,41.09688933997863,-34.011304567056946
4663,41.99075727442712,-29.126108645549014
4664,42.745698966196755,-35.589388894620946
4665,40.84459556969795,-27.042185846999516
4666,45.733083726442054,-32.94468783687837
4667,45.85852029446695,-31.77763270008049
4668,40.14529104560206,-33.62327154559651
4669,42.72899548725486,-33.92856340240047
4670,40.41552854761886,-34.18121713424244
4671,39.44565810171985,-32.98680645660797
4672,40.45363781757984,-33.59038222126361
4673,41.87362622783755,-27.75719846656586
4674,42.54243781258699,-33.53758346151833
4675,39.47457403991996,-32.836776612014454
4676,40.10636757797165,-34.414915937970164
4677,40.16813778051237,-35.39399174028812
4678,41.100329096638575,-35.1886167191405
4679,39.540518312796216,-34.81585121533391
4680,38.166006817383405,-32.33356738496323
4681,38.89807337843363,-34.69575991613347
4682,36.716007398340466,-28.656912312950716
4683,32.45582920886444,-27.518947382632508
4684,37.30403434531669,-27.87784647697346
4685,39.2486912974758,-33.368411360877445
4686,35.684924547163114,-28.511527426997638
4687,37.060862373205005,-25.608951756264656
4688,30.282510286430703,-23.42544067626443
4689,36.599717502307776,-24.097197771639156
4690,31.929228077731054,-26.848944008568157
4691,33.299134253884596,-22.703059468127893
4692,41.486495205296244,-6.2802371354424755
4693,37.64612326914037,-5.378197668555067
4694,41.66732952043063,-6.411921889836125
4695,42.331640400660895,-6.170936306330774
4696,37.90177780891859,-5.4471255839855095
4697,42.87037703930392,-5.061920159881768
4698,42.31481710792414,-6.155484078603199
4699,39.09307596833405,-6.94086250579646
4700,42.26137614857854,-6.244211791129332
4701,41.48563159403629,-7.92878622349076
4702,42.243456428374124,-6.380355282049373
4703,42.189891704693096,-6.232899775612173
4704,42.19878983386499,-6.0539371496421435
4705,41.392030552131544,-7.862705807274457
4706,42.30730733524734,-6.264725381142472
4707,42.000617914415564,-6.268456939612906
4708,41.85850542938166,-6.0166345041776665
4709,40.004123309315595,-7.094682739292835
4710,40.13691701449367,-7.179493693224826
4711,42.915754309254496,-4.721953506620502
4712,42.04874487435569,-6.127028664462555
4713,41.437566745962954,-6.9548960627536625
4714,39.44917918048038,-7.19494973489398
4715,41.95530355339345,-7.008765514374362
4716,40.52092979991906,-8.777243783971054
4717,42.3041046957747,-6.14082644660238
4718,37.86785727588595,-5.512847167039054
4719,42.87341364414755,-5.055303873882061
4720,42.32120108158358,-6.185870614288404
4721,39.161508176036776,-6.81997766058328
4722,47.890346407360816,-4.6736943032082765
4723,48.20639410771299,-4.389326258895159
4724,48.190709637419616,-4.3978193581605165
4725,47.885790591855184,-4.676301997135275
4726,48.23912126214253,-4.35627898838781
4727,48.209850773366774,-4.382320136825275
4728,47.90288737349364,-4.658742126587287
4729,48.27630982046211,-4.317772862840999
4730,48.24071851944319,-4.3577197174269
4731,48.20506031793354,-4.392799181209549
4732,47.888523627531924,-4.671680968346905
4733,46.502164427899324,15.824980336789727
4734,48.21881046394452,-4.376619493144805
4735,48.212559015895586,-4.384866524598359
4736,39.1793571228198,-1.9251701072575573
4737,17.117765948379496,-38.83327808592896
4738,38.75904089652437,-2.1758017157126353
4739,38.90591579111612,-2.2410459306004933
4740,41.593608687684586,-3.1490224245500436
4741,17.257285383200173,-38.5220631877664
4742,27.61967261240461,-14.806437513321715
4743,34.70572252747398,3.6699921588876334
4744,35.539148091638616,3.8645625073181837
4745,34.792144836430296,3.7150639254697317
4746,38.52199143462029,-2.4301284099124842
4747,38.84333378373892,-2.1618122968333586
4748,40.55856364728337,-3.09249836366755
4749,41.564164070501874,-3.6456905568300235
4750,37.669603421732916,-2.2813145307607274
4751,16.85045405437104,-38.67248871092459
4752,38.26798942243902,-2.555443749032338
4753,17.40915409706328,-38.02505979365613
4754,27.097561658852793,-14.962636271426252
4755,28.009301634104776,-15.527087872109037
4756,17.201941457765862,-38.35699669290193
4757,38.142523183218735,-3.6890951085305117
4758,38.938402028555736,-2.8178480172400158
4759,17.1756725483631,-38.26626028370191
4760,17.23065496799306,-38.121734868215036
4761,18.261621911370586,-37.051710111558776
4762,27.283632600448655,-14.970275040457688
4763,27.780424642393225,-15.312881351828532
4764,47.59971804452493,4.004269335206515
4765,47.59948707078075,4.012803244198959
4766,37.17936075055266,-3.0779422842407267
4767,38.33987963071925,-3.9817179182610105
4768,41.51234464856935,-4.076760899460934
4769,41.65976691895311,-3.799533257577503
4770,27.476312393267992,-15.09523883245851
4771,27.54128470417424,-15.098687083422162
4772,18.106660656142136,-37.238185941497015
4773,34.13144078880752,3.746677656535223
4774,1.0275362841672295,2.209911094410205
4775,42.50553011750986,-7.704981776639232
4776,44.696423886016106,-6.589818066723634
4777,44.68150494550133,-6.453196116302212
4778,44.99300094843363,-6.296362199706746
4779,45.25652716669738,-6.245107989874095
4780,44.86804100609414,-6.369938126346032
4781,42.9895427668941,-8.65774309625177
4782,40.18230839011773,-8.088653411518349
4783,42.69257083376841,-7.417541270668102
4784,37.347219693388276,-8.530393681453448
4785,36.94412977602102,-7.863778504221139
4786,15.457392148309127,-19.45639769091996
4787,40.71738855925652,-6.4484936393361325
4788,41.26657649767067,-10.376478356371123
4789,40.799471200555985,-4.098158143369238
4790,42.41172404612179,-8.44939797436777
4791,43.130025212668954,-8.781583127569851
4792,41.24311159343151,-10.291657543494827
4793,43.195558514532316,-6.717178554024059
4794,44.31754505727695,-6.573579353843812
4795,43.28337830382837,-7.427926617971663
4796,41.22655675175992,-6.298060185143222
4797,39.875285843410296,-7.637413312473064
4798,39.85889008048815,-8.513347247475304
4799,44.48396676395773,-6.442839792955984
4800,45.19533049810185,-6.239231991649135
4801,45.12595626284862,-6.263111958201781
4802,41.425079642975696,-7.533308466084889
4803,39.15398980496409,-5.5426678726311644
4804,40.800011449155754,-7.647347616758873
4805,39.87244577825025,-8.721252010989044
4806,43.991410791022346,-6.461526322763531
4807,45.221705780433034,-6.8343467419694495
4808,40.668975006494186,-8.45390932678768
4809,42.05969802337808,-8.551699558459408
4810,39.035932542452784,-8.159053413651657
4811,42.92271144717821,-7.137137930403711
4812,41.01579157514237,-6.037910799555897
4813,40.435714695618195,-7.235263647399878
4814,42.095398559649716,-7.1804282194437
4815,43.648354612041004,-9.693159726178305
4816,43.53201695987537,-9.638713707482214
4817,38.22072951903088,-5.357989005800663
4818,40.86684959595925,-8.99222831842068
4819,41.86287061905581,-6.976365756527348
4820,38.84369951344843,-7.261175774472872
4821,15.157480786287147,-19.790635502633275
4822,38.303550394015886,-8.616918668827147
4823,44.77068626625827,-6.4168790265792
4824,45.044422864030516,-6.285151194276518
4825,41.10189401049583,-6.9644332161068725
4826,41.790574266067395,-8.016288378790469
4827,45.031758459200425,-6.420125864466417
4828,45.465783284346344,-6.098190076617391
4829,38.81104805896698,-4.958397206062975
4830,43.51415229275339,-6.769570608356411
4831,38.875889203790166,-8.330063178851976
4832,40.105610699327755,-9.03924345825941
4833,43.43368567153662,-3.2012874945106096
4834,42.56475638045161,-1.4348975692021748
4835,42.569500297399856,-1.393592343164401
4836,43.40957979008515,-3.18611699097738
4837,42.55545249592639,-1.3712786176352119
4838,42.57410367074563,-1.3091200570189727
4839,42.5836624508879,-1.2545022889619288
4840,38.72143238210513,-2.386778511855023
4841,27.29624805099369,-15.003899249861448
4842,17.145444204184702,-38.851099594072004
4843,27.60457667917525,-15.143838123314767
4844,44.99803418146917,-28.445149950003596
4845,27.735137300252205,-15.274256042522598
4846,27.954577735918814,-15.427495303436096
4847,17.26703661760171,-38.36038820612021
4848,38.187298109297835,-3.583925632007653
4849,38.84652483484208,-2.568264741540027
4850,17.17792409184433,-38.22770470742226
4851,17.249025388115943,-38.07455627736193
4852,27.8612979312781,-15.339279523658323
4853,27.949926161000345,-15.404150829115144
4854,34.91678543569845,3.768754626293208
4855,35.06099130776997,3.787848444086806
4856,37.334501543387205,-3.069532591888622
4857,37.97682861650682,-3.749436998422367
4858,41.422074409741406,-4.260502837257334
4859,41.66169483451777,-3.741246986187081
4860,27.715807528233633,-15.173581678180515
4861,27.96299078583512,-15.371467736825151
4862,18.197738223717135,-37.11679754560739
4863,34.17562032216144,3.7529602358822727
4864,-8.187658080380597,18.229590449870546
4865,42.624296333640245,-8.963574790064962
4866,38.56996494386612,-8.372038643061032
4867,42.45978802228625,-7.440729788799528
4868,43.30012288475271,-7.528192979724112
4869,38.49297395710378,-5.993775045259637
4870,43.19638436809959,-7.33533744748001
4871,41.32500581183793,-6.199632721200941
4872,41.56382124598462,-10.261212905712858
4873,39.433944345339505,-8.180889567946224
4874,38.0802356670901,-8.444842707440346
4875,38.18586058976835,-8.461602596891508
4876,40.66166792041139,-8.765149576566193
4877,41.990493866962254,-9.291341990056933
4878,38.35518040112424,-8.43050504855111
4879,39.84322528504429,-8.636992879483184
4880,42.32504143865967,-9.512932544966006
4881,41.81341984999678,-9.92737636107591
4882,38.64882437260677,-6.365520268703113
4883,43.3018194207552,-7.57383285779043
4884,38.393705177965046,-6.120994421257527
4885,43.3346582713149,-6.614308388690963
4886,12.740330285129433,-20.19793618579733
4887,12.629912922340548,-20.18882184447885
4888,42.646310574836306,-11.193125291478665
4889,14.258197919445958,-19.822707130972713
4890,12.651927722850571,-20.5440544681777
4891,12.648320233679732,-20.391129708667794
4892,12.6245296177169,-19.898869208142163
4893,42.621895014216676,-11.141803875788389
4894,14.154146397006805,-20.125788919275294
4895,12.492848797095677,-20.29075418717786
4896,12.82122903356467,-20.148606091560097
4897,42.60309566860214,-11.178310062033969
4898,14.438448516579909,-19.777850558053995
4899,12.936860008861569,-20.001202725189348
4900,12.628267547468534,-19.86119352545302
4901,12.824911596074475,-19.71843386277321
4902,42.62947204207442,-11.141475392575822
4903,14.099154937332631,-19.76069400331072
4904,12.57714101233875,-19.670457278404104
4905,12.706660797781046,-19.70417711959813
4906,12.60900545745264,-19.668168182377606
4907,42.629142001701574,-11.182945025124862
4908,13.925080387823483,-19.692290655435922
4909,12.7448427167884,-19.753985047382024
4910,12.923076838657982,-19.817899800235217
4911,12.912442485428723,-19.75216494243068
4912,12.84727057200005,-19.834662448906535
4913,12.945392363433541,-19.709606611620554
4914,12.753895606742304,-19.925013114471906
4915,12.838829430126436,-19.79868549273029
4916,42.664204347952115,-11.225187015063929
4917,14.155472838856252,-19.592286943720463
4918,12.80705750370803,-19.732666426454216
4919,13.067371720733071,-19.810873171933032
4920,42.61764854050366,-11.225903950423737
4921,14.197562418629865,-19.665604386940757
4922,17.614026625232924,-47.27806787995184
4923,17.61200084265294,-47.27858412877598
4924,17.613214464144022,-47.280158981953285
4925,17.607887399688924,-47.28409260338438
4926,17.613722717598723,-47.28244683460599
4927,10.42106849998012,-41.43450504762672
4928,17.66750150568464,-47.24930772722753
4929,10.433506841471786,-41.446424841086454
4930,17.68525483599828,-47.16836236950265
4931,14.074624363402672,-24.068148278096544
4932,12.656307405944379,-21.44258684764847
4933,8.897591821455366,-23.37688579675115
4934,14.12522929545717,-22.318709031538305
4935,13.936544069612017,-22.28889466537844
4936,9.10053436224388,-23.432516211312024
4937,9.170529491192129,-23.264270712031006
4938,8.976409553201117,-23.24496139464239
4939,14.069557436117758,-24.11263920258145
4940,12.669531592181666,-21.317574030321857
4941,14.050998890743523,-22.392043889144205
4942,13.940837322859966,-22.404666014528345
4943,14.060451582919706,-24.017600577399648
4944,12.71006041591546,-21.380909602382232
4945,9.21652577313276,-22.60664325710099
4946,13.995102573932074,-22.413527197400292
4947,13.865865928152306,-22.510544322419452
4948,14.090529255179796,-24.04881478514198
4949,12.763514177386961,-21.119743642735084
4950,14.027094979181957,-22.658393759152723
4951,14.02096719413036,-22.415922261201597
4952,14.061782192492382,-24.080540254608668
4953,14.123341676836075,-24.04324007215955
4954,9.002258284673221,-23.14230438175263
4955,14.060304500320264,-24.06991216965742
4956,13.04936557493702,-21.583655860762605
4957,13.951739964480046,-22.7479583594308
4958,8.701706115063823,-23.080709831243425
4959,14.065893450370467,-23.50714342666207
4960,14.08200898524581,-24.03186453604684
4961,13.115661005584805,-21.423320572446496
4962,14.030633190389548,-22.560175848579906
4963,10.061398427638357,-23.47608963516822
4964,9.842419700921608,-23.59453648380692
4965,9.973090637160837,-23.393278045183756
4966,12.403709012106484,-24.979055485877968
4967,10.107224790555204,-23.800467106502957
4968,10.380531754523659,-22.966906295512103
4969,10.043973067822693,-23.542192480198068
4970,11.011303934401061,-22.79976411926455
4971,9.809518769207116,-23.585816569581226
4972,10.132800951282473,-23.49150594148771
4973,12.546377707905098,-23.467336635714688
4974,10.140538534522976,-23.612389861775608
4975,12.315280282350773,-24.96402807769147
4976,12.259632795536314,-24.85222144780585
4977,10.038221136284482,-23.472544868764736
4978,9.756435909398448,-23.38515786238902
4979,10.838893446420078,-23.09364650062288
4980,10.80064084769759,-22.941965083482526
4981,11.834731179559084,-23.27401728049881
4982,10.192137834891886,-23.452526703495234
4983,9.954833249262181,-23.373531308198473
4984,10.003247197118258,-23.631207354602513
4985,10.37695149272577,-22.798804471904923
4986,12.344425487841965,-24.847062290491397
4987,11.916338957890025,-24.159597255465204
4988,10.29372383763463,-23.115862227822966
4989,10.438963142529118,-22.716790191302685
4990,10.420854218675478,-22.84137301744102
4991,10.240569869477444,-22.677095314191526
4992,10.11749359949139,-22.784346413113205
4993,10.095754178688987,-22.520817358386076
4994,10.17779084427295,-22.76700053994261
4995,11.179020927306246,-22.42284682840754
4996,10.977785157240016,-23.886207069907723
4997,11.651742867228279,-23.749942802059504
4998,10.994104430153785,-23.411076940064774
4999,12.108301923105884,-24.026369834098325
5000,11.630411535197576,-24.096411332881136
5001,12.215171763667568,-23.9894099860437
5002,-58.26627251495253,-15.528480110317268
5003,-58.28168055754364,-16.035186283873582
5004,-53.638675053879986,-15.872612144034496
5005,-56.63243149386638,-14.137918702798581
5006,-62.09387337775839,-14.993638718651724
5007,-59.46243538153049,-11.262502108119431
5008,-54.57261701349109,-16.840073195849786
5009,-60.11116403255112,-14.20526765482717
5010,-59.51154311991755,-13.766740988358007
5011,-23.78208560220169,-13.40635802491854
5012,-56.011639521336875,-17.87894172326075
5013,-53.993551630349586,-16.160503241118676
5014,-24.352948351592705,-12.131834739500235
5015,-56.598172665922846,-14.458979932517208
5016,-24.58177125439096,-12.164765877790595
5017,-54.18707937293252,-15.09547837797065
5018,-58.07831463288462,-16.26117967353554
5019,-59.11508475568101,-15.018686368221287
5020,-57.69157590403233,-18.097883042858605
5021,-57.6315414349592,-17.67592011535135
5022,-53.23062263738159,-16.105122907942786
5023,-58.270970123062845,-10.083749605139227
5024,-57.59952827146793,-14.814097171589356
5025,-60.13474335009487,-14.635288319166975
5026,-23.71754570069061,-12.419941034376619
5027,-54.96851055561496,-14.530976275900631
5028,-56.70308511480117,-15.498799030643806
5029,-54.93351748504437,-16.589477501393805
5030,-55.45219008107073,-13.192786317516102
5031,-56.96473829608327,-10.850540510886397
5032,-57.637456069710204,-13.810913979698594
5033,-61.6068732414604,-15.118443751909782
5034,-54.836412535796605,-15.8760015621874
5035,-60.80662840413337,-12.713007538866876
5036,-56.54693860346841,-17.064827995434968
5037,-57.81236374708132,-15.441647245093641
5038,-58.33826740322829,-18.601623889261475
5039,-57.79616234407503,-15.039931501693038
5040,-56.58742956840537,-15.803967489588484
5041,-58.90769216326767,-17.012859509572998
5042,-58.512874824271556,-11.581116815997865
5043,-57.34966365236853,-11.011984786364811
5044,-55.285197974472894,-17.677277574922815
5045,-62.06024990285367,-14.74471659624288
5046,-57.47895811181028,-18.396878649712228
5047,-24.200965305160715,-12.69066225988577
5048,-60.840198847011116,-14.453874526278277
5049,-60.19281160598896,-16.231888170620305
5050,-55.987543626221985,-17.077282834406144
5051,-56.89116481255839,-14.236027340509764
5052,-24.42132298755893,-13.307171789874447
5053,-55.94748960306662,-15.029308114196995
5054,-54.78333488142634,-15.765936988539725
5055,-24.2233352876334,-13.013122482363086
5056,-56.76411537188502,-17.47359971525722
5057,-59.03551711553913,-10.421657369528566
5058,-24.423314098470897,-13.361710481375402
5059,-58.93633651898808,-10.874199858650972
5060,-62.599997110876686,-15.869207748293439
5061,-24.296618141603506,-13.18227921991485
5062,-55.943883632764184,-14.9400729825802
5063,-57.48546262731611,-17.838650779060035
5064,-52.077859885349355,-13.30776725865721
5065,-52.05236045266552,-13.361666934532561
5066,-59.10486492114138,-16.030408467258198
5067,-57.48231263767087,-11.411080998342268
5068,-57.177757722654576,-11.535736880986343
5069,-24.382123209441147,-13.313285931579948
5070,-61.23052583226795,-13.995542274108525
5071,-56.938890512243866,-18.87710929513065
5072,-55.24958084702124,-16.586957888908795
5073,-52.14098210094027,-13.10892917579369
5074,-54.02756048944233,-17.312650938978003
5075,-59.668473818715924,-15.189111801944232
5076,-24.21347873062169,-12.776094096246158
5077,-56.185428310889826,-17.85785548358732
5078,-57.43735464001818,-14.674830763619036
5079,-32.81571448453468,-24.859663588990646
5080,-57.3992615014955,-16.453169860902417
5081,-60.86135437795273,-13.42144584185487
5082,-24.089634258651827,-12.309319465826599
5083,-57.10274287918933,-13.127607410665732
5084,-53.93163282951768,-17.123921489575583
5085,-57.30030075329011,-12.808854991164035
5086,-56.01619637074399,-13.54762483916844
5087,-58.44812518526743,-12.118342797884532
5088,-59.01715917641699,-14.106171397098937
5089,-58.83243041056872,-12.364806105229345
5090,-59.704141877885164,-17.74992563442034
5091,-60.45442543614695,-12.58436129302624
5092,-59.63700505237147,-17.44616312014699
5093,-54.445355174715964,-13.567967922343902
5094,-48.5786269676327,-17.559020356325544
5095,-58.85584625688787,-15.57401518478674
5096,-58.42452080043945,-14.61283084854203
5097,-54.54087026801608,-18.098783823368198
5098,-62.462137820163996,-11.536451130074804
5099,-54.40193741819288,-18.058820133020568
5100,-60.47885109489178,-17.068646816256166
5101,-52.10924501230835,-17.136733866518824
5102,-53.199270056675125,-17.28880366812945
5103,-60.53646410161651,-18.177953821587106
5104,-51.735221874158654,-14.080576950523898
5105,-55.1433507668231,-17.696572533776923
5106,-61.34472686305315,-15.459303194791948
5107,-24.04917225194175,-13.495715567191992
5108,-61.8833931542649,-14.449783548433443
5109,-60.63129384866485,-11.172017982809688
5110,-60.49346653099498,-15.379655917110844
5111,-62.99128237578952,-12.300416511557493
5112,-57.06558209331091,-15.28406213848974
5113,-55.00137585774952,-18.149633851017967
5114,-60.47333246390468,-13.075005457534802
5115,-54.34693647535064,-17.43205572068557
5116,-61.723054660887804,-16.15711678564161
5117,-56.22975472653361,-17.419870788913858
5118,-55.94302165870355,-13.959520459735222
5119,-59.029492308368205,-14.567727717895252
5120,-58.104785202272694,-17.06427001599123
5121,-57.69591182497679,-15.992682000915465
5122,-55.898836163698306,-15.545888096384608
5123,-54.01401506986302,-16.864600766255023
5124,-60.9122743200332,-14.259509194932681
5125,-61.56091077907422,-13.036436527341078
5126,-58.823634611970625,-13.748668478441045
5127,-60.019283803909566,-16.38478957936504
5128,-58.62637598185895,-13.991869308626296
5129,-60.7016335686414,-18.194264972116784
5130,-59.393270220107645,-14.593935057230066
5131,-59.83764791695724,-13.47209982299093
5132,-24.43425391343639,-13.300393665498682
5133,-57.36616357381065,-15.319598799074981
5134,-56.427931915517995,-12.454742533418697
5135,-51.984563216223286,-13.59532488228495
5136,-56.875059333411194,-11.64922937463535
5137,-54.914166837204895,-14.50518347375016
5138,-58.70800320031717,-12.370455857394116
5139,-60.68046512558302,-15.517694964674146
5140,-60.51353360015687,-14.947310332736384
5141,-54.710358399379594,-16.487231021850615
5142,-59.27920586218008,-12.874808709020833
5143,-52.13306887355871,-13.82534705729654
5144,-59.747175256653776,-12.38224504929464
5145,-58.07289141056255,-14.182950728804624
5146,-52.20878309190963,-14.561594783839293
5147,-55.553618964864455,-15.122412401912246
5148,-55.473690665258516,-13.913242848169887
5149,-36.54084856717757,-28.202693907319176
5150,-58.228309190739,-13.762774672753174
5151,-58.58853157595885,-10.852920830265374
5152,-23.94855090417533,-13.026757989302997
5153,-52.03564502155851,-13.247913276338492
5154,-54.68748567799508,-18.12660031255005
5155,-59.6315130701979,-12.984241171221193
5156,-59.02725697292074,-11.1330569462357
5157,-60.61131883510964,-18.206195258780856
5158,-58.19850363671655,-11.459477834689832
5159,-57.98274773405423,-17.694245231863917
5160,-55.96319575534994,-14.423392592345913
5161,-56.640761396567974,-15.417614610521712
5162,-56.44972287114196,-14.785442648171033
5163,-57.548461929651374,-12.699128460587595
5164,-51.48680913094086,-13.899749314191201
5165,-35.07358814768048,-24.680043312106474
5166,-25.113967655460755,-14.037601280876602
5167,-50.23534037430192,-16.98843553308155
5168,-49.39189362287527,-19.061306390316133
5169,-48.799772597417665,-18.635560216363448
5170,-49.06557362711124,-18.721907289020592
5171,-55.766369455481126,-19.046178694615175
5172,-24.35336822175115,-11.953094488433111
5173,-53.678909965779866,-18.016678228487756
5174,-59.57374282463342,-11.059062977406
5175,-51.80331515240538,-17.351247452188872
5176,-58.608654276237104,-10.371330110742575
5177,-60.150579145391674,-14.923224157075083
5178,-56.80824186849694,-11.80013766199085
5179,-54.83194727275101,-17.470927514797772
5180,-53.89422644898755,-17.610098273786445
5181,-53.951959076405515,-17.06184757521384
5182,-32.02382370406926,-25.361284029201812
5183,-54.2606881506737,-14.380585011090123
5184,-54.21019195727002,-15.130884586919612
5185,-62.95928887419466,-12.240534695934683
5186,-60.83002094429088,-14.092793859158297
5187,-46.85904011947332,-16.20061561151922
5188,-35.28918010250031,-29.358386099303825
5189,-55.14977260937017,-14.250132862699783
5190,-62.567215938481034,-14.370284425253795
5191,-55.34539117331375,-16.479992397437865
5192,-54.725188373765256,-13.696612951044623
5193,-57.009065044056385,-14.55330879194014
5194,-59.780675777647446,-16.82478031026826
5195,-56.955311562522866,-12.357653892162915
5196,-54.27725542777668,-15.099494418802204
5197,-56.516221296172276,-18.629174193110643
5198,-54.577296065499105,-14.433320194311852
5199,-56.63586357916641,-16.6255840088295
5200,-59.34265975489114,-18.110879731763607
5201,-54.79948659351196,-12.227493988296377
5202,-58.84705807795867,-18.200896261088495
5203,-59.37491665319477,-13.163568132371319
5204,-57.042516643746744,-15.32583633481904
5205,-60.23561376735695,-15.52341398356591
5206,-60.09875491403697,-16.43691861080801
5207,-56.23385855360551,-15.745947533173046
5208,-57.87447184365393,-10.256264604387658
5209,-52.21285816024851,-14.216279012584268
5210,-58.501414137624636,-16.323066564492073
5211,-54.74667551622931,-12.149565534607557
5212,-57.071614939196735,-16.151644800937333
5213,-58.445889825114314,-16.787807337802438
5214,-60.72810545569781,-15.318684162851543
5215,-56.08297117462355,-17.111905469191093
5216,-55.553534404435105,-16.879207368435928
5217,-59.769408695929364,-13.878969475915188
5218,-56.20775801824004,-14.193343706998142
5219,-58.36591687091092,-14.124567206550147
5220,-58.441054689051434,-14.828931286735607
5221,-57.01366040510499,-18.923603362274093
5222,-63.154491185352335,-13.858221312029682
5223,-56.79042780162573,-17.82664200481565
5224,-61.26933547130126,-16.67912803765669
5225,-61.896866705595166,-16.16769013936492
5226,-55.63263750490776,-11.980071702587832
5227,-55.13568914861616,-15.596527787937655
5228,-57.163311014875795,-10.894585336748387
5229,-57.64905245168253,-17.570440373412055
5230,-58.16821396701104,-10.747740847689622
5231,-59.396642252356486,-14.817667697942165
5232,-62.80221733312002,-13.940493822696912
5233,-56.97862242916897,-14.271226267789206
5234,-57.44551526549879,-13.594313049966127
5235,-60.98879061667064,-11.204215717817283
5236,-57.57924333218342,-18.563957958819984
5237,-56.51247990926866,-15.842586641618697
5238,-59.13527376173085,-16.513679127484874
5239,-54.05240430785767,-15.051403212224816
5240,-57.500607035048645,-18.620588571104477
5241,-56.69012835248045,-14.288850936241166
5242,-58.33791665400784,-15.283034448439418
5243,-58.35123774666717,-18.062971517180607
5244,-57.23655318576276,-16.028424943234086
5245,-56.67538053935959,-17.257284582857313
5246,-60.67704840113929,-11.436670153987965
5247,-57.53494708853358,-16.438864173465827
5248,-58.6925533228073,-13.173919423640143
5249,-56.19563917411964,-13.081353296050075
5250,-59.41072022468571,-10.267817825495024
5251,-57.99453786945506,-16.98540236340024
5252,-60.609666647638434,-11.541585600120413
5253,-55.212387097087536,-16.491284291034184
5254,-61.0841847411219,-11.110515457589873
5255,-60.210290656431525,-15.208748059899209
5256,-57.429693051346476,-13.543638942436486
5257,-48.51025782141103,-20.972782144898996
5258,-58.87715343250593,-12.143051911614728
5259,-58.239862627543346,-13.909469504826198
5260,-27.580362729746444,-19.13747745738719
5261,-45.929582333547266,-18.697229673986968
5262,-45.856478782812864,-18.479426662778774
5263,-47.14319997701918,-19.651983820005967
5264,-48.10448454392173,-19.606746940903186
5265,-46.413079104470505,-19.85337838937052
5266,-47.672252505784975,-19.649114881170174
5267,-45.52036037281312,-18.445639898747388
5268,-47.94422016101583,-19.74655032512378
5269,-46.285646409823826,-19.33629059308543
5270,-48.87502265012896,-19.16402172409943
5271,-46.29934964776228,-19.711324691505293
5272,-48.4493136500591,-18.768625529311446
5273,-46.78984522367779,-19.605427589258028
5274,-46.44040554828172,-18.962801704187466
5275,-45.94756192459054,-19.62783789205036
5276,-46.268119445178556,-19.52775158401518
5277,-46.086373948895385,-20.032155489219903
5278,-48.707508692650116,-18.149900072141275
5279,-47.053947145665994,-18.253643110663937
5280,-46.21478019627034,-18.81618439679475
5281,-47.23380549083967,-18.24334708838695
5282,-49.733409349701446,-18.05858448861271
5283,-44.780222657518884,-18.73768019131622
5284,-49.17113457223384,-17.22835633111766
5285,-42.44947749292261,-18.105619299854382
5286,-43.251656737287604,-18.90841011284137
5287,-42.485997383798505,-18.19641733732744
5288,-48.085626809232025,-17.327667241529298
5289,-43.43292162817591,-19.003648261385248
5290,-40.98650345121156,-18.776141476180328
5291,-46.822431434912694,-15.848194090883538
5292,-43.786383701951586,-19.85241957803444
5293,-50.82107610785796,-18.441402048467225
5294,-39.67492068996307,-19.135170065516885
5295,-48.147967571014824,-17.7449001674347
5296,-54.00961001297301,-19.879057939171183
5297,-43.27842789357836,-18.8712391047119
5298,-50.941788540005675,-16.626124743786736
5299,-41.81074983094646,-17.44316726675764
5300,-47.97791856549027,-16.665864555382036
5301,-48.61523344431062,-12.389059949904668
5302,-42.76491744430807,-18.671866099055904
5303,-52.44303383700819,-18.20890715547673
5304,-42.54325599035786,-18.43757703991058
5305,-49.52003603453082,-16.80590383650044
5306,-40.73513101838704,-19.290235442121652
5307,-47.67324449345053,-16.235851685679425
5308,-41.26121680078878,-17.16158760656568
5309,-48.38523748515547,-16.56467390355771
5310,-42.2267578852908,-19.020999767888828
5311,-50.90722144061794,-16.898438001667827
5312,-42.55553136258399,-18.515435403464732
5313,-41.45348744733138,-19.227234026707933
5314,-40.461987238061596,-19.597007847334208
5315,-48.271975454350844,-15.685291858284083
5316,-41.34444249215849,-18.6669139625188
5317,-49.77586774584376,-17.136513557905673
5318,-41.707530051910965,-18.157389160918346
5319,-47.53127890145068,-16.3185486775201
5320,-43.49825590397704,-16.576942226368033
5321,-49.988147241594035,-15.611333488511628
5322,-63.42797187587122,-14.216487188489682
5323,-48.1140545054694,-12.104931978157449
5324,-48.34838395953333,-12.016357761247233
5325,-41.832001962894175,-16.822223268887555
5326,-48.277880042983924,-16.53611103182407
5327,-48.009183237322624,-12.117812278666845
5328,-48.88933541935069,-12.330175860369032
5329,-63.473621040907325,-14.654289269806373
5330,-47.95538919205202,-12.255785195546348
5331,-42.992140570987424,-17.692777178906685
5332,-49.33346642047236,-15.984243973599401
5333,-42.79426085586977,-17.340551317845556
5334,-50.440007559739456,-15.889152561404213
5335,-61.99332931819834,-12.768327745911723
5336,-48.2062529784502,-12.5319900149671
5337,-43.34673708846186,-18.322534492186538
5338,-47.95163737437094,-17.101599699476623
5339,-40.69240257490327,-18.27033173844245
5340,-48.1202567188758,-12.199035518936794
5341,-42.27002372968426,-17.21815530278541
5342,-47.1287369353938,-17.05063442021238
5343,-50.5165989537852,-18.63692764443264
5344,-41.35360232955493,-16.781592292758965
5345,-42.24387113920293,-18.368420412575436
5346,-41.08523307304222,-18.839012595412544
5347,-42.22946604637757,-18.064719322874026
5348,-41.76747441300439,-18.17344222570769
5349,-47.895485486438155,-17.817858225302786
5350,-41.80725122679632,-17.92878483970246
5351,-49.86925359557428,-16.196952233736486
5352,-42.682644871379544,-19.237249557119945
5353,-47.856559487649946,-17.325013102800916
5354,-48.37471897112476,-12.157382900674184
5355,-48.72764654089348,-12.273991454758937
5356,-48.26291213542435,-11.938998938951721
5357,-48.18770363284853,-12.726781445356101
5358,-47.82599854829817,-12.087845079305108
5359,-40.55498495610892,-17.793679775100692
5360,-48.66843984431034,-15.335122389818226
5361,-48.13296729566294,-13.085452129767209
5362,-43.23477739530963,-18.23481955704857
5363,-47.29631659824713,-17.190935981194404
5364,-41.520719822510614,-18.525804411532196
5365,-48.06659216611621,-16.7866540548684
5366,-52.58064179890769,-21.162919194973735
5367,-40.437864381283454,-18.75967982582802
5368,-43.047744647935836,-18.923348731965064
5369,-41.64917431011772,-19.1496292750836
5370,-52.82841863756653,-18.37454679363424
5371,-43.468563221519354,-17.137380513866507
5372,-52.80090958012095,-17.09307132687894
5373,-41.59725399051072,-18.833210638476857
5374,-42.19168182398465,-19.955896987336484
5375,-43.05353102352963,-20.062201954538114
5376,-41.55035022221034,-18.053594966961082
5377,-42.471561084045575,-17.616168904026765
5378,-42.87959974150009,-17.004095252320347
5379,-40.85338876777415,-18.028832157413433
5380,-46.559387511982436,-15.532654082505209
5381,-41.588230032772934,-18.544603479404795
5382,-43.54293095164492,-17.819342835595148
5383,-42.47961792260074,-18.456747621996044
5384,-46.18334295792583,-15.434204073667342
5385,-42.504430058192156,-19.109866427684658
5386,-53.239358429106765,-17.804809161718634
5387,-40.222631006723056,-18.829179416260338
5388,-44.082145580589085,-18.731859621045515
5389,-42.19809536772524,-17.903535580711285
5390,-41.916090175365305,-18.2486551765445
5391,-40.284561232202336,-17.625445143028916
5392,-49.91489813631192,-18.19885980962255
5393,-41.314406280407724,-19.555692350347655
5394,-42.87144525336271,-19.387824431091058
5395,-42.32260982808032,-17.461814420216868
5396,-41.645415413500224,-19.499328834483876
5397,-41.52321740825533,-19.474425785662444
5398,-42.347535059536824,-19.69006793891389
5399,-39.574420924472044,-19.631747034307026
5400,-42.59873594917534,-19.33531305779068
5401,-32.24417356562486,-25.211780335098343
5402,-41.452930447581956,-18.917469616833202
5403,-40.82818124048605,-19.621602837845966
5404,-42.61910989990165,-19.782447361197324
5405,-48.50278597258418,-18.053538586101364
5406,-49.253424997530395,-30.33483202310311
5407,-49.73101095065607,-29.884267200366807
5408,-50.10614728265666,-29.61428392624029
5409,-52.337037018593826,-28.095030434029784
5410,-51.144583895118956,-28.4944787358453
5411,-50.01879360848126,-28.541150006775982
5412,-53.07130384993126,-28.730882946862547
5413,-51.65725479777218,-29.103513354853924
5414,-52.23416908184694,-28.857703837023706
5415,-52.00542807649099,-29.081444612200823
5416,-51.22238317944853,-28.547420977323252
5417,-51.40800956865474,-29.49109202163643
5418,-49.89709941680317,-28.755744125110002
5419,-50.345434011717316,-28.179335514698643
5420,-52.701376468806565,-29.04364013915029
5421,-51.785793015357434,-29.44167663709342
5422,-50.54524924924947,-29.334124803031585
5423,-51.75563746436994,-30.04091423109469
5424,-51.26659818129241,-28.68225615821896
5425,-50.91418756578944,-28.773054986469905
5426,-50.37983267827755,-28.973013489482643
5427,-51.06726593754505,-29.414392973805267
5428,-50.78677674677558,-29.473536992056644
5429,-50.79932463543636,-29.558707844144553
5430,-50.37838547748074,-28.996171648753435
5431,-49.33136326913058,-30.277366033648963
5432,-51.11733370311854,-29.712748049803924
5433,-51.29189240762336,-28.52229717253679
5434,-51.013711655504316,-30.24841890611219
5435,-51.44459246074496,-29.593171310286426
5436,-51.24669189998422,-28.239607997357314
5437,-50.92888557777603,-28.763868185446967
5438,-51.06263659360817,-29.500888242758784
5439,-52.45877676667458,-28.845296656141375
5440,-51.14135649503411,-28.771012181628272
5441,-50.876925825132595,-29.52309849024436
5442,-52.18102708050703,-28.526329464152482
5443,-51.6075997286355,-28.96276578566521
5444,-52.349328504052295,-28.841593050994494
5445,-50.444121105266824,-28.204771380565294
5446,-52.175928903358184,-30.560048645418924
5447,-52.76912943224356,-28.800320074488557
5448,-52.64819827623478,-30.380652203810357
5449,-51.20637117753992,-29.661613861924604
5450,-50.59525157620028,-29.031743814060196
5451,-51.19427330161765,-28.315757610674783
5452,-52.26405352278742,-29.91271823808225
5453,-50.379303505063376,-28.342868849600052
5454,-51.10764031253338,-30.216885101242188
5455,-51.30869802692534,-29.988056192035664
5456,-51.56400101428039,-30.33267565165788
5457,-52.303718424544805,-29.61319489220264
5458,-50.352947896571465,-30.280898244441758
5459,-51.25756267406905,-29.658842352614666
5460,-49.91601611015495,-29.285171326577206
5461,-51.19790240183846,-30.665224920696442
5462,-51.2344873709877,-30.185578899034464
5463,-51.24966920660836,-29.127615289484698
5464,-51.64920935184509,-26.26577622557273
5465,-51.52703372921853,-26.956870829081534
5466,-55.44299465660543,-20.363421930736845
5467,-51.62168339657492,-26.052419314854895
5468,-52.54026475793307,-26.605086417970927
5469,-55.69776816451403,-20.163184225860775
5470,-52.07259172264802,-27.004454641717825
5471,-52.18983042228319,-27.235344558670036
5472,-52.418135934113515,-26.787342803037017
5473,-52.268358375897925,-27.023318013342124
5474,-15.949554910153193,-20.911783320126837
5475,12.384531717947908,-55.476563774628126
5476,-16.875556804491893,-21.47956073118676
5477,-29.81248455353972,-20.933687691746467
5478,-33.03116202133087,-20.35200339856144
5479,9.471033964076971,-51.69473888744563
5480,-29.90269226018598,-20.43517566478748
5481,-24.89890620015679,-22.105320942706786
5482,-20.26263640377184,-18.510382465915587
5483,-5.499075049353465,-31.109626484747725
5484,5.163347814792012,-40.73743952247573
5485,-17.51683438964802,-19.635974645641237
5486,0.09192950061767359,-35.68247946830081
5487,-5.32551581445313,-30.750605638863718
5488,8.780875910877635,-53.77514805008164
5489,8.791559696709049,-60.59066357216219
5490,-17.12156991764495,-19.820539295271256
5491,-7.098406000424935,-31.5438061541361
5492,3.80952187966875,-39.58505632656232
5493,-11.529459875785518,-27.964624608649817
5494,4.962116349470866,-68.37616711660985
5495,-16.77172964409437,-19.88391842220796
5496,7.918620594962009,-57.71726114181983
5497,10.593594444313325,-61.36259143913984
5498,-8.01368952014785,-32.13912698684114
5499,8.2536289728451,-57.810124534865125
5500,-18.868217658488742,-20.70688414718491
5501,10.293341200272364,-51.60205792297468
5502,1.5889184691187148,-38.393473874407285
5503,-18.89683055641915,-24.9067559912201
5504,8.37210328980798,-57.31361432164761
5505,11.516776592444934,-58.357561658654575
5506,-10.181584749846303,-32.44706371051468
5507,-33.1878186918336,-20.30672131480497
5508,9.506596895464629,-54.874675734466926
5509,10.856684688664576,-61.432878966006925
5510,9.233174680961612,-66.06834293107964
5511,2.1887017574183854,-36.422312380052794
5512,-27.75608892144887,-20.965426023439804
5513,9.70697485123344,-54.8529338964126
5514,9.58320264108683,-64.83304858185384
5515,7.914462406331307,-60.19700368855611
5516,9.521159456569242,-65.74820234243236
5517,3.9893847182476803,-37.72815645484927
5518,-27.906882977760777,-21.01209598625371
5519,-28.720128982470513,-19.878004867389453
5520,4.050626818367607,-41.066089953594975
5521,8.735194860352584,-63.02127345217246
5522,-6.472691722062864,-32.803053964609134
5523,14.241483693210489,-55.24790575977921
5524,11.545569854644759,-58.19220447899177
5525,-16.536240468591622,-19.34320937788286
5526,-7.602470536392226,-28.99369272160724
5527,-10.440326766870161,-31.282695812317563
5528,-31.555605515564054,-19.53602743196462
5529,9.268907658379305,-55.409090115635074
5530,7.63688426275319,-65.48940085780143
5531,6.9325145853232755,-69.03476520345978
5532,-9.577128278992456,-29.134241760068058
5533,4.033789653533978,-40.51916849401957
5534,-19.00099016622783,-18.94358717815767
5535,-8.24571646854212,-29.730554859670274
5536,9.907414610470836,-53.3408875087088
5537,1.5949047156028764,-38.57725134427949
5538,-19.05640419291198,-19.086631489957444
5539,5.1540433072052725,-40.26754956461265
5540,3.643435686457926,-43.214021034289026
5541,-7.690504540169528,-29.03670059200207
5542,-18.982103340546907,-18.778326803991042
5543,4.683429065122741,-40.686026599915174
5544,-6.5199006825422785,-28.48578731891819
5545,-6.864995029307977,-28.646742321578788
5546,12.622433772826456,-56.229725100574164
5547,-18.939314011676792,-19.124525124847636
5548,8.569161759000693,-59.03627825489943
5549,4.007681766804621,-40.229565703413286
5550,-6.116999571338156,-29.163838853264775
5551,-6.990807753620545,-28.724689498406246
5552,4.2691695931229665,-41.647106190526856
5553,2.093153459879051,-39.056298853745524
5554,42.103274924216905,-2.6284681414193596
5555,-6.971150900465546,-28.829370294611362
5556,4.5800750342533885,-40.58415333599247
5557,11.524810024537455,-51.99847976284964
5558,-5.447291526557173,-29.35904285641373
5559,4.814659997809468,-40.93718499286671
5560,-6.909928929524801,-28.69688694573584
5561,-18.989471189332455,-19.090423595958026
5562,-6.346817472933981,-28.94637100833385
5563,-6.221314856036596,-29.05591630206476
5564,12.12276223284446,-56.25398407353772
5565,-14.332067355372873,-36.14781490164402
5566,-32.65031378661475,-21.3438012210236
5567,-33.649633684075475,-20.94772248098717
5568,-26.135639626426578,-20.959203059075858
5569,3.316240443297679,-43.072339160276414
5570,-18.480863586098856,-19.920942530133065
5571,-8.30003321109753,-33.8651191673744
5572,5.020657932984393,-40.854009967510855
5573,-9.604659393529476,-30.175065179613114
5574,-17.65045030297621,-19.655245245746247
5575,3.7855884473981005,-42.34418110711612
5576,-8.374013304061059,-33.492598763379554
5577,11.204087234762813,-51.21552260420677
5578,-17.404221608698577,-19.840878161382243
5579,6.990593920369238,-69.01517096188456
5580,-8.149603563600008,-33.763360646454466
5581,-7.687227291750865,-33.31079847965011
5582,4.349374716401634,-41.20534742599543
5583,-17.56611383186892,-19.875091158266528
5584,-7.964990565236033,-33.51229668219806
5585,-7.596286882121474,-33.30085738660285
5586,11.35105323473528,-47.68150064544973
5587,-17.874442452618798,-19.675213856618743
5588,-8.14302643287886,-33.75668527924691
5589,6.003859490486707,-41.0981281973728
5590,-8.257795935885747,-33.12044466007908
5591,-16.92747986281716,-19.215837090700045
5592,12.370041091204637,-49.33822154673608
5593,12.587840628895854,-57.32232195491753
5594,-6.465135492287907,-33.38445115438902
5595,-9.193493351325388,-31.542610512429537
5596,12.388981260745512,-49.374215037573
5597,2.0980318097309576,-38.878962787892696
5598,0.7535594830763618,-36.109436690238475
5599,-7.769324809702773,-33.10229241448742
5600,11.776803961834455,-47.973174900597265
5601,-7.934148387745899,-33.829868277021816
5602,-6.622914340411462,-33.69899136872019
5603,11.953670166623224,-57.17646561625823
5604,8.791542706957015,-57.70402030624517
5605,-6.870382301218943,-32.7455952583141
5606,-5.228148359630527,-31.914167136830986
5607,4.976149456401302,-40.230190926715665
5608,-17.071780878735243,-20.911756068052984
5609,-7.026658760942962,-33.07177822023995
5610,10.934786420384047,-55.78893881731616
5611,9.404916404223375,-59.81181151956745
5612,10.747426467372987,-57.568187699250906
5613,-27.312066989260607,-19.351351016844202
5614,-24.981955076995103,-20.796350881734494
5615,-17.31993341490602,-21.968000072525463
5616,-34.452277404280224,-21.028005441237593
5617,-3.602029260947542,-30.44920907855206
5618,-3.8353746803894837,-30.574478539010393
5619,-8.315556270340219,-28.523949194357897
5620,-18.27576404598345,-22.005440626946594
5621,-33.845247644617885,-18.268080916279825
5622,8.7417775876573,-54.73406372687593
5623,11.1465859822198,-48.89107428008404
5624,-3.9847693268779474,-32.117834540463825
5625,-3.9914328350071524,-32.244301966671664
5626,4.982789242977191,-40.97629062908418
5627,11.752865831249165,-45.868509192818856
5628,-3.8954763144669458,-32.30700483651623
5629,5.337969660813412,-41.16061598024596
5630,-8.940280562847922,-31.649741771169495
5631,-18.07988952471463,-20.966812562265265
5632,-8.732934487566208,-31.936575495432898
5633,-9.153792326962407,-32.407526034513964
5634,10.442344507955225,-50.971893673269555
5635,-18.378168744725404,-20.45928831654548
5636,-8.500056662271476,-31.601766389170848
5637,-8.516590933178245,-32.23812717343181
5638,5.909560447474833,-41.20495782393277
5639,-17.25212708847415,-21.164111999254914
5640,-8.763921319136251,-31.452153915393033
5641,4.355976458234656,-40.69986589942156
5642,-17.666970031766684,-20.817388655012095
5643,-8.460183598838947,-31.71766780268363
5644,-7.026593524068102,-32.37591325700097
5645,-8.830867987420286,-31.60432974916043
5646,8.431905052385428,-57.47921994039792
5647,-17.869299977362477,-20.50972957431993
5648,-8.74008758289966,-31.525910893447776
5649,4.613972902335434,-40.749020632706326
5650,-18.04398791113543,-21.001888428723053
5651,-8.237933035963826,-31.85004859252278
5652,5.104318113977296,-41.06603971113984
5653,-8.829444921591833,-30.993844253176324
5654,-17.445062102325995,-21.014285167569124
5655,6.260103642981913,-41.05679811914575
5656,1.8996902249332386,-38.95805595500895
5657,-9.044114359384775,-30.74039793010995
5658,4.520883354365118,-40.96611480827097
5659,3.673488839512972,-36.48022825512731
5660,4.843479845733989,-41.08384224147235
5661,-16.411845200568308,-20.148819850912517
5662,6.024642510340611,-40.47224282475063
5663,3.864680353341388,-40.16782804641794
5664,-18.316998163956548,-19.889314428229248
5665,10.150713779745711,-51.71196276226835
5666,1.3286105807859714,-38.13329488077273
5667,-8.655015374278165,-31.239398718584887
5668,11.125777750158099,-49.61773986913003
5669,3.9782193367121716,-40.55946013688203
5670,10.139367093514172,-61.36889249572634
5671,3.8340569182102864,-39.56012908781346
5672,6.1405737554289415,-63.922322946935914
5673,-7.787457980607989,-31.482761965877685
5674,3.7059047577023843,-40.88419009629947
5675,-8.51034767716663,-32.04907121667476
5676,-17.6447397630301,-21.260692722191717
5677,3.9531493824715054,-40.55390154402121
5678,-7.3495801320427,-32.572444497401854
5679,-9.08405728533724,-30.120546918646866
5680,12.240376389847565,-59.0552924076165
5681,7.780508553245316,-59.96391870900157
5682,-9.87903750317273,-27.065050974757177
5683,-8.861028074027649,-30.74678798623703
5684,8.561423838284236,-54.71884570374429
5685,9.486174683610637,-59.29916571103968
5686,-34.235363022162396,-18.11083712455177
5687,-27.164326143868585,-16.497815262322284
5688,-33.846009459151425,-20.626396396798583
5689,-31.220582290460865,-19.21628778184014
5690,-17.941385782368805,-26.33175892070961
5691,12.330839125565674,-56.496239809840645
5692,12.289485731328213,-57.540733766916986
5693,-16.102962358948158,-19.918531461981324
5694,12.60976272599349,-55.34629411386873
5695,7.69004673168207,-59.70780046571764
5696,6.757060395211264,-69.00739346363336
5697,-18.333923045070698,-18.9659637654275
5698,10.934890117107253,-49.63524822775614
5699,-8.542351914205474,-32.54299094670856
5700,-28.945442146938618,-22.419360770547332
5701,-14.761639641956773,-25.39093756425924
5702,4.061445697355005,-41.700265737561
5703,-8.50890454722617,-33.23562531681268
5704,-5.273463780160862,-32.708437230634054
5705,-6.476877602362165,-32.433942406554436
5706,-19.307684106520522,-20.3385854526411
5707,-5.254842260762713,-32.57133271159729
5708,6.155206045697221,-40.598596245447865
5709,-6.126051043282339,-30.778352381379456
5710,11.444300692550723,-47.21476017380773
5711,-6.587419447210553,-30.57513431611586
5712,1.9698746749575542,-38.79784768993542
5713,-6.717432392947131,-30.5511957254101
5714,11.68886235531882,-47.656491017289426
5715,1.5893678176584167,-38.57342095647366
5716,-6.2149611624578585,-30.39794661525944
5717,12.527915680140943,-46.93323204847271
5718,12.142599079999291,-59.07763194373639
5719,-17.14024800696824,-20.366228384143547
5720,-7.979704234108778,-30.971832418549866
5721,-6.748679316787447,-29.98659063852417
5722,6.877126822224199,-42.206781100336286
5723,-17.355375711985765,-19.713810873474696
5724,-7.144838291415564,-29.64717573970197
5725,-6.511595051940663,-29.714999255580263
5726,-7.632700458429004,-28.854744819008083
5727,10.505593744902605,-51.54460307462184
5728,-8.070916783423788,-29.477824243679592
5729,6.471354299491615,-40.83777988958854
5730,-17.837424547015672,-20.541718987883073
5731,-5.772838846388001,-30.10745165113937
5732,-5.242356726657896,-32.0904526921235
5733,6.891087057438029,-42.3337761107189
5734,-16.866231723268417,-21.48060835072689
5735,-8.879445018595987,-28.2481839320436
5736,-9.134221987530564,-27.914075781566794
5737,-8.935896186323287,-28.37746734040494
5738,11.265625904173236,-51.04101166919252
5739,-8.97766317465952,-28.432034842624073
5740,-5.241180162709688,-30.435434745090735
5741,6.602724651387476,-41.02494760461833
5742,-16.613483644694636,-19.896678764776862
5743,-30.89333764593963,-19.389904022786745
5744,-8.812142044191349,-28.450777097149484
5745,-32.95247547501288,-20.238893470669673
5746,10.924712771808936,-47.68847194016102
5747,-8.916094292708461,-29.181825964703428
5748,-16.776519858512223,-20.637626808104734
5749,-26.503323332084875,-20.685323464052303
5750,-8.956032004382994,-29.184783655320388
5751,5.56906860263924,-39.850676418966174
5752,-7.090038634585545,-30.138513706563867
5753,10.313754296048694,-50.967896452241604
5754,-6.513427297243049,-30.96821038534285
5755,3.85640904864664,-42.402371029203586
5756,-6.341474066445006,-31.123869603832148
5757,4.432680598653431,-41.19949366172325
5758,3.0370889440457933,-36.65829545382084
5759,-26.665890030559225,-19.597621665224597
5760,-6.279690524412502,-31.600675632576536
5761,-26.165898191862453,-19.69971002949785
5762,-6.117955233986206,-31.340209580108564
5763,4.857617128742603,-41.43821918661347
5764,-31.14432990517607,-21.0324727280865
5765,-6.61306422996728,-30.961124566952176
5766,-5.93793482282502,-32.16119431592842
5767,-6.843562138714226,-31.366545506488052
5768,12.240628085882253,-49.43632021345176
5769,11.682495560528768,-56.97650000852545
5770,-7.618712882062051,-31.731956073150872
5771,-5.566761505979334,-32.23542266249563
5772,10.392350140974411,-51.4049709089492
5773,9.90230253058442,-58.59325692990624
5774,-17.389214664614613,-21.217127284596536
5775,-6.725224401807881,-31.12604808407405
5776,5.319205526160129,-41.289852951143914
5777,-6.700041387795686,-30.9183860458746
5778,10.170183357684348,-51.80737820380994
5779,9.831019605366514,-59.99567385878436
5780,2.3682670800156806,-36.56047589253626
5781,-6.967609361206173,-31.48609118262968
5782,-7.353941424572,-31.13371976773396
5783,10.78119058922557,-53.58849497789246
5784,11.033809548557425,-60.327832134015665
5785,-8.5092616696234,-30.069906624266963
5786,-7.438139930199454,-31.508230334993275
5787,9.804394301357778,-53.886681928061364
5788,10.961229005857826,-60.677648112107775
5789,-17.707800861850068,-20.43311000109157
5790,-7.629873559570262,-31.296926024018674
5791,-6.838212029513261,-32.013669915605306
5792,3.8888160133322494,-41.02610811010466
5793,-17.095331302266523,-20.819374745550448
5794,-7.125866907074543,-30.70555120257225
5795,3.9091437922526437,-40.967013186124376
5796,-6.7397557347328725,-31.620334636425035
5797,-17.23640808431149,-20.67878172006832
5798,4.058851770088932,-40.854695293451314
5799,-6.420147592362135,-31.991069985654953
5800,12.554386910891921,-48.08772424518056
5801,3.1263792475663896,-68.31090155990344
5802,13.480391697238435,-47.98680311122353
5803,3.9848407414842972,-65.23791253499361
5804,13.522640514125568,-49.292383861947826
5805,13.419663018803275,-50.07753800597255
5806,13.042478565753786,-48.86354607078421
5807,4.559627399023929,-65.82565527889494
5808,12.516604249452008,-47.213645897448764
5809,3.9380342573037477,-65.30741717911363
5810,4.458585023730133,-65.84616012778791
5811,3.666110597574592,-67.67204218216946
5812,13.771680770727322,-49.699657856112154
5813,5.907886365126531,-65.01520794481127
5814,13.399243814542373,-48.20062090581596
5815,12.572345589939992,-60.21848467906355
5816,14.577991586168741,-52.07682110800971
5817,5.775384248846794,-65.98284047142856
5818,4.832870676151944,-68.62082496780052
5819,13.966918901295854,-48.799555386050095
5820,4.67082031911538,-65.1552629399649
5821,13.124769562521278,-51.70892701329956
5822,13.749546577835059,-49.69669266773005
5823,13.635040426556685,-48.69799257916634
5824,12.269379480850072,-47.42490343952191
5825,12.140574251254783,-47.5199170957062
5826,3.7434474551984867,-65.20984104655187
5827,6.373212086178823,-68.51432540650795
5828,12.387741359162375,-48.221078165941854
5829,15.059938258021726,-52.05030629651291
5830,12.202567891951508,-48.378871363363636
5831,3.6530921121633164,-65.0952943261499
5832,12.733629325926008,-51.157911436368934
5833,12.737759357867185,-50.93959762077222
5834,-31.333515663557115,-22.69815732024694
5835,-40.59318977677874,-20.703597144308095
5836,-37.59987706749409,-18.81110654502505
5837,-13.149668385979595,-23.688047302135104
5838,-13.403500439838696,-23.222070624361034
5839,12.708505989669982,-52.71725667771439
5840,3.4141336271338156,-65.13459923517534
5841,-6.507340937434158,-33.99762163891035
5842,13.694878829545619,-49.3044714049897
5843,6.514026748825409,-64.99319439804748
5844,-28.590098855535263,-21.358306961239737
5845,-3.9531100633843805,-34.386146616616095
5846,-13.588063604368475,-23.576265396138222
5847,-29.308713470486172,-17.886540296918092
5848,-14.358564638665806,-36.07104593528961
5849,-23.028882484403237,-20.44768549619661
5850,-31.304340482424355,-17.29929130443382
5851,-4.576336921247075,-36.13672789078959
5852,-4.601860459893806,-36.16864368575872
5853,-22.178102758684776,-22.653776739129455
5854,-0.5336838592313015,-40.87794554337636
5855,-12.730018927256584,-24.539729533924284
5856,-0.2297391581202266,-41.29841675724152
5857,-12.99838586557553,-24.689830308661083
5858,-34.92908194649974,-24.507861580534396
5859,-24.094891218166886,-5.371312110311987
5860,-34.73357322912712,-24.492164123730713
5861,-24.33244111015732,-5.26881455624441
5862,-0.258462472584701,-41.22247748713079
5863,-30.041668137644958,-16.303448424346648
5864,-31.785335556775443,-18.66138494408573
5865,-0.2041535835354735,-41.37938959078431
5866,-29.127539748285407,-18.06580113738565
5867,-30.047519859181552,-16.664123791601
5868,-28.060296048783595,-15.055191320143479
5869,-22.67872855872403,-22.576440178424722
5870,-0.21861082558529082,-41.36158241175991
5871,-0.2778228307466597,-41.17372662363972
5872,-10.84293863428733,-24.364990107667918
5873,-31.52405171119248,-18.148170632464346
5874,-0.24885756572059675,-41.25578487952725
5875,-0.2976508037356961,-41.15354898587431
5876,-0.28858431755435493,-41.08536322124126
5877,-29.002596434306717,-19.032033394527044
5878,-28.135957081155812,-15.326863913543912
5879,-0.2931927174894115,-41.149813622946674
5880,-3.853041758391923,-33.228409275417974
5881,13.00602672651651,-48.089251216697534
5882,-26.052298584479093,-21.066284130989892
5883,12.620815897252522,-48.52981802969236
5884,-28.258458110993573,-21.897754422432673
5885,-21.487156770973193,-23.07238569553249
5886,-34.61730015249437,-22.94937989263606
5887,-35.911358509710084,-23.863485149128323
5888,-29.083827236779783,-20.1410889437994
5889,-10.11424435754833,-33.972253117843394
5890,14.596885899917378,-54.34585121789664
5891,14.502557750530984,-54.89962735679652
5892,-14.031649637998084,-28.23902995321616
5893,-12.935932153813285,-23.626819153849066
5894,-33.189154699663185,-21.38729601000793
5895,-13.93903671197413,-29.397125499633585
5896,14.39802556458938,-54.64481052813952
5897,5.9054742061106875,-66.64590309582799
5898,5.168993369780433,-65.29798834056966
5899,-12.755110884621368,-28.939118616300807
5900,13.702541195536691,-54.18154337341265
5901,7.36103244005067,-66.64292147593969
5902,3.7587960844409216,-67.82930870212688
5903,6.615291736011459,-64.53575795124858
5904,7.401493382454651,-67.22249300909883
5905,-27.938896401609643,-20.75605532454344
5906,-29.455035345214522,-21.20335994391539
5907,-3.8965094118749035,-33.58092922318662
5908,14.120612715891435,-53.15097226347579
5909,7.6393527009244275,-67.29152541530945
5910,12.138290671507855,-53.19476835070456
5911,6.054625072025868,-65.22068663679259
5912,4.637679850967452,-68.83032698268477
5913,-3.808741013423864,-33.679001589151206
5914,7.188275867632636,-41.06621571997994
5915,2.332178971801583,-65.61506745114906
5916,13.203452778475194,-48.19617924085436
5917,-28.400677567223664,-21.67383552930183
5918,-28.137536510506173,-21.849007791657645
5919,-3.9906624346254467,-34.393676523995055
5920,11.79057246153151,-48.91840589528634
5921,13.756209698597107,-46.51858085449547
5922,3.4498167178872676,-67.82471194060003
5923,-5.908167241397034,-34.79700188651611
5924,13.999787429399499,-51.31601649096319
5925,3.637420948511654,-36.81473980921635
5926,3.618448710721974,-36.436133254658145
5927,-28.30364969684072,-21.478454404660088
5928,-5.809311866974965,-34.830971417408044
5929,10.932722898359687,-54.6117129259768
5930,11.350101659846858,-54.584851054760065
5931,7.472825200788951,-65.20886487403959
5932,14.463416755013718,-54.282669969605635
5933,7.166224843204435,-66.69419169176142
5934,-33.65387007527604,-22.133395469494353
5935,-28.364094003915877,-21.394295556142417
5936,-21.94398477888352,-18.24356449775852
5937,6.247020606992155,-69.41050878751436
5938,12.78934961442332,-52.87623994210954
5939,9.651745685290756,-66.65554227032845
5940,11.825295992569893,-54.658172107318215
5941,8.786164507759073,-66.67232212217012
5942,3.3096333282979926,-68.36474973360754
5943,3.0131817154717355,-68.27738147770108
5944,2.9759178336006316,-68.33248331859768
5945,10.825125607249316,-54.149195661773724
5946,7.332427467440414,-64.37240114832287
5947,10.687334215105475,-56.48830751042665
5948,7.096341795585848,-66.51059030370278
5949,-21.367322852188686,-19.079126082376487
5950,-28.265008609789966,-16.309322119489835
5951,-21.402009441845433,-19.764398316170702
5952,11.357197860698736,-56.75666689205072
5953,9.21537136943573,-59.555650023818885
5954,11.960696673701138,-51.920898054070996
5955,7.867418326869161,-65.28498022135531
5956,7.333018555356316,-64.92416259020935
5957,9.66817977493558,-65.24397650617333
5958,-33.25648245770478,-21.01502883415966
5959,9.153029984277762,-56.83022842066544
5960,11.620302650161472,-50.86561255787588
5961,10.959960357740554,-49.24207585146534
5962,6.576157546673891,-67.49199492063994
5963,-21.928099296290622,-18.29273156347686
5964,11.507543623610891,-53.307457433857664
5965,10.691071211652787,-56.630313454842685
5966,10.014405880713683,-63.15427616141413
5967,12.514092067589855,-51.48334288437393
5968,9.157691645344912,-66.5886259510317
5969,6.083102677598215,-66.98098733073415
5970,11.433642788914511,-50.76074255280774
5971,9.136155128756975,-61.216942111371864
5972,5.8062829049543545,-68.80923982333326
5973,-27.232952822572937,-19.463522586077165
5974,13.064788933950682,-51.987289390004136
5975,8.691699985104743,-63.93902418190247
5976,8.54101822109022,-64.61726843047512
5977,10.230644944432237,-64.24786907624646
5978,6.725315335223608,-64.93573521702794
5979,7.334591995090708,-64.54084032808557
5980,8.515759177825405,-64.71940379480155
5981,8.821891971171102,-64.58916668510207
5982,7.915785469196311,-64.48403945915689
5983,-33.17742517743797,-21.539662301022837
5984,-8.205184027759667,-34.55059602083336
5985,12.118710965709544,-52.943199549448025
5986,9.900312690470072,-57.98546632197739
5987,6.7917276965918845,-64.35855679148057
5988,8.677711757517592,-63.42917932037507
5989,4.797065332244106,-67.86980051498949
5990,10.307789580459495,-55.18669881077468
5991,10.954286148984188,-53.53108250345381
5992,10.8361434299185,-63.892374313791095
5993,9.10941013508837,-64.57180919946221
5994,8.778067973072504,-61.48737540356336
5995,7.624329038389278,-64.08808032988054
5996,8.04634622035631,-64.80423167900396
5997,8.50459647153632,-64.26893119136244
5998,7.601736381799833,-64.00305880184663
5999,4.80077488796319,-67.75204536996154
6000,8.778398311605415,-55.64957761175372
6001,7.78996664742097,-62.937443859273976
6002,8.053044268435865,-62.84894932347772
6003,-28.07023953873849,-21.95271064429307
6004,11.156643962027735,-53.643382764225976
6005,7.537407316804678,-63.25769885359823
6006,9.779313392676597,-62.047548765461706
6007,10.42538013206801,-63.487730576973256
6008,7.83749048830866,-63.46912985665617
6009,-33.23779423418486,-20.966450366026276
6010,-33.28935903769018,-21.317893388783652
6011,-28.40647738829074,-21.3918604629432
6012,-27.958603729014154,-22.026848247738464
6013,9.238508052902668,-55.44571013177976
6014,9.60095094548739,-66.71758857936314
6015,12.338937581755468,-54.12736122110538
6016,9.052094067018839,-63.72689992243986
6017,10.745150166600746,-63.15829677000013
6018,7.895645680112144,-63.069729572792006
6019,10.843445309300703,-50.845789168163854
6020,9.32276158014642,-60.15078814705082
6021,8.153423295341344,-62.220574842708
6022,-9.954307269083396,-33.426095427287
6023,10.309138636111788,-53.660303418289914
6024,3.3113675137297234,-64.32820369864598
6025,4.124531194598553,-68.01586742081383
6026,-33.13862937943192,-21.202462648181513
6027,-20.454340793485766,-19.992552246680955
6028,11.521432540399298,-49.12965667669134
6029,10.919881058744181,-58.44298162462416
6030,10.71955711862015,-52.38329573564868
6031,-20.033494967443282,-19.40106695154212
6032,10.443540652893718,-57.24779551464252
6033,-27.557314063911726,-16.137604835195827
6034,10.589471295053887,-53.9476424853413
6035,11.757897520514494,-53.50135288604055
6036,7.183509442639795,-68.94871681324989
6037,12.54531960441911,-50.56202490924478
6038,11.572179150479267,-52.88209608165911
6039,11.340531173718219,-55.405558686497926
6040,-26.241896463931056,-14.132545510286954
6041,12.753816533966143,-51.66643999740629
6042,9.848129739900559,-57.33018329375157
6043,9.663579242503308,-57.8660830192951
6044,13.103682450389222,-53.95315978816333
6045,9.736832180914835,-59.47183153108153
6046,13.604202075087397,-52.20240973280602
6047,11.199350499972502,-57.8804841073391
6048,10.91177253856624,-55.8131312888586
6049,9.337292693588568,-60.14943389701
6050,11.738330261675728,-52.37005835089444
6051,9.108850320897092,-60.18483061041197
6052,10.369667828581,-60.80000456326301
6053,9.688363542343138,-61.79077382902306
6054,11.147971118643731,-58.962676072119855
6055,8.654198622375784,-62.13484821795235
6056,6.893730202200644,-67.76510995535337
6057,12.107511553997222,-53.004074999513236
6058,9.751120626585717,-61.56506232163931
6059,9.843739179773939,-63.02431897073406
6060,9.810204367757041,-61.681229830898424
6061,9.21365349313465,-61.590525364819264
6062,11.300231937815557,-57.37835574550678
6063,9.59737534044858,-60.69509439873399
6064,11.025478262057725,-49.75033197258368
6065,9.572366474434157,-61.28855707331143
6066,8.606418244389186,-62.27534177347916
6067,6.810759150151048,-68.41326109268718
6068,-21.322152661082836,-19.597329712136986
6069,11.83983174661305,-53.642336914285885
6070,-27.215733955505982,-16.149717626663797
6071,13.483488130863897,-52.049640939827704
6072,-33.61462215447875,-21.399815025242575
6073,8.743074912196997,-56.48297814046984
6074,8.510153400341846,-60.79818301477521
6075,9.335559030412332,-63.23600089776925
6076,9.547463588730569,-57.01902211268274
6077,10.340869102512936,-60.7023331851653
6078,9.781249401321364,-53.72820822073084
6079,10.675092367699296,-59.398909283796776
6080,9.40154264334352,-62.909901725350124
6081,8.749715119665929,-62.11898535982899
6082,-19.949024149211706,-19.509829944024276
6083,10.15642366601999,-56.24486142697686
6084,8.866229524152141,-58.490179277146915
6085,-21.251776361256333,-19.338435483860454
6086,10.103929598214966,-55.26996701266717
6087,9.274262342407,-61.246911995596435
6088,10.848132651695986,-53.70023406449583
6089,9.029915116504435,-60.74598816270861
6090,-21.683043564799256,-20.173681112077798
6091,11.512858537053571,-53.14401735073262
6092,8.61442470996958,-60.20435843680089
6093,7.912936387877723,-59.58756651776498
6094,10.364629493525976,-56.47449963650841
6095,10.961717445536994,-60.39551932175806
6096,8.5835711132996,-62.82334450177241
6097,10.450704976687337,-55.237481193699296
6098,-26.14404266179453,-14.127031745381037
6099,9.123781354553591,-55.23270715797991
6100,11.461986234963375,-53.796592664923764
6101,11.994125854568601,-53.60942403652867
6102,10.988204042722302,-53.78900589051642
6103,10.33619191152697,-61.17057509555767
6104,6.492833216661783,-68.81259972293367
6105,-20.811766189239673,-19.851524803011127
6106,13.124707114195793,-50.98098517437145
6107,13.262433361770086,-51.65712274380068
6108,12.115768710526295,-52.870219281342536
6109,10.001360780886479,-53.11402523736674
6110,8.630930758597941,-58.44757373178552
6111,6.9154559347250215,-68.94277617063364
6112,12.199256757870744,-52.686443283859155
6113,7.733901013852455,-55.4832248052331
6114,-22.520279517703305,-19.362687693020355
6115,11.959382886470083,-53.46675945476579
6116,13.334957976247079,-54.77417012238743
6117,10.705986935488882,-59.9207789762481
6118,3.798727299117652,-40.21881803610084
6119,2.663444883340379,-39.16549252666927
6120,13.516675952933484,-51.66359222949135
6121,-31.698308233917967,-20.46136284034671
6122,-26.863455707709736,-6.836959729458613
6123,12.931834108780789,-52.41028211928481
6124,2.180231497531049,-38.696654754842484
6125,3.2534184589230275,-67.54765318146558
6126,2.487361199494634,-39.06664503877398
6127,13.308972072620541,-46.39626274253861
6128,-31.887359144059257,-16.991030463634754
6129,-24.39998981258973,-15.115517297115355
6130,-24.003849559919896,-15.230915444383367
6131,12.778322627817971,-47.097294603939076
6132,-25.088938949767947,-15.27612230386683
6133,-9.398038915069318,-25.429780427690687
6134,13.034003472451449,-47.79333943776963
6135,-25.329451054732107,-21.806311311361554
6136,-26.073098086970884,-15.585955310051341
6137,-25.0531393967543,-15.631960962765014
6138,-25.013535449342623,-15.344139853896786
6139,-28.474807912882387,-16.388210163248964
6140,13.14775058387793,-49.150209746308825
6141,-32.27136407950242,-20.807412910884103
6142,3.8841135625882015,-43.706311116782686
6143,12.424721901947242,-52.4220857975079
6144,-27.247929080134448,-16.860191319961583
6145,-24.34798255271164,-15.976853410745205
6146,-9.181640889310481,-25.224359416281406
6147,11.89991306122354,-50.741833495582476
6148,13.970368751823054,-54.437374698661365
6149,4.701578537951455,-66.58668531730805
6150,13.250732490994338,-53.004220760788314
6151,13.183133280834785,-52.603946574945304
6152,-31.481270266705884,-19.904790244013096
6153,13.931097270435357,-53.83006541669338
6154,5.435196991232763,-64.80489023570965
6155,4.101618277971488,-68.29472554919161
6156,13.368287653404627,-52.50662855771423
6157,6.359687272355209,-65.10364086820738
6158,3.777935507506882,-67.98342041380317
6159,10.503615081663957,-52.91385734421283
6160,-32.40990169746785,-20.444394349316152
6161,14.642891788697344,-53.61273862259057
6162,-27.132850039850787,-16.639183664805024
6163,-24.6110422264011,-15.639432682818017
6164,-9.156157374923279,-25.254652432253515
6165,13.265808811375832,-48.393622364697464
6166,4.960654956074854,-54.63302252789753
6167,-13.790976447424606,-32.60662239863307
6168,-15.138492369190722,-32.31056507879349
6169,5.307346497774911,-52.42939541299369
6170,-13.313427282079614,-33.002474722060406
6171,-13.242561256383613,-33.14247498991135
6172,-13.92538787198168,-31.738660894042425
6173,-10.144250809689298,-21.626767699017297
6174,5.162506359860555,-53.98899336274218
6175,-13.821809515472847,-30.747338619688904
6176,-13.57688691707365,-30.721612422986496
6177,4.245471824877408,-53.67305096502961
6178,-11.509725809544749,-30.343429402049047
6179,3.7008517203671656,-53.454688528652554
6180,-14.07421465271612,-31.99057317203711
6181,-15.82804652393408,-33.87880609781536
6182,-16.29717637430861,-33.219100742433646
6183,-17.174877432000613,-27.990998352138032
6184,-17.083538054679256,-28.275234768040455
6185,-11.633568833159824,-30.308301296925432
6186,-19.83493097967531,-30.970531258324538
6187,6.389813010453451,-52.4492778055009
6188,-10.126222271786098,-21.619453998157763
6189,-29.233577565671236,-20.24713184036284
6190,6.355436973240292,-53.93620942953005
6191,5.480923382405236,-55.424241979843366
6192,-13.058014739985461,-30.193565641201857
6193,6.126520937407642,-56.42912804970869
6194,-18.78726652247285,-33.42247531477449
6195,5.633783335299245,-54.12606961352923
6196,8.932857915124297,-67.072503638413
6197,3.500403324603859,-68.3462464305494
6198,-15.954527330911956,-25.25831828393559
6199,-18.294488726863467,-29.20417534867271
6200,5.7438713047470005,-55.37973058486194
6201,10.52620131658593,-64.03043041439301
6202,4.590288478501053,-55.89475061711512
6203,10.547933507950011,-63.74970122473365
6204,-29.2817380182278,-21.189137631938546
6205,-14.69136430681346,-27.926146835159418
6206,6.7188089388018435,-56.50742468736691
6207,3.1071752299152826,-53.076213287186036
6208,4.709999320727338,-69.47477938836617
6209,-16.625553973106946,-25.863375333559762
6210,-17.329606285725827,-26.927452450995847
6211,-15.84103326276003,-26.62747665538563
6212,5.007892634083405,-53.63571757059089
6213,-16.619888602653752,-35.152516192149534
6214,-15.901307798562932,-35.761365339187414
6215,-15.06543727571596,-34.104923892315384
6216,5.973954115001081,-43.06224566947164
6217,-15.739060090495425,-35.95858939352043
6218,-16.47513932054395,-35.25621433234327
6219,5.888695760665596,-55.552391771414214
6220,-11.721048033819276,-21.558753929433614
6221,-15.929290948159187,-29.397037122342304
6222,5.747975962470591,-42.93415014858912
6223,4.979001312884077,-56.97990439490125
6224,-14.913306142741972,-33.58504656607437
6225,-15.783419570438582,-27.587275084214564
6226,-16.228108143053873,-34.812632900317936
6227,6.0670973633695,-43.0510080260338
6228,4.12367264540734,-56.39251275378785
6229,4.599667973278187,-68.89286796235822
6230,-16.48691571599582,-35.24712243207302
6231,-16.659712805954804,-25.96253268385827
6232,-16.6030566337541,-26.149427641426733
6233,7.25792441439961,-56.27076090339335
6234,4.838724832101557,-57.23013180082584
6235,-16.056650549372986,-26.152297951000257
6236,-16.359363698520212,-26.18189870265542
6237,-15.818810968658333,-34.005947555290476
6238,6.260790593411117,-49.64205216675305
6239,4.065841295154073,-53.719991931601534
6240,-16.223915142951498,-27.603242245548422
6241,-19.609820383651986,-20.045797676996195
6242,4.73718106681749,-39.96631637019956
6243,-15.916629273075392,-35.423215074066256
6244,-15.550023726542022,-35.56145430326547
6245,5.6428313799718035,-50.54231400723733
6246,3.661655479311717,-55.36903778121201
6247,-15.897507908989603,-35.425861634834924
6248,-15.977370212607122,-34.11314270236446
6249,5.739483731232617,-50.332416051443516
6250,-15.877362204761132,-31.488082191438345
6251,-18.299200403664564,-33.473928657694934
6252,6.6574266322606315,-42.748607508563175
6253,4.153742625268441,-56.340289408369735
6254,-16.188092458355005,-26.555925605872066
6255,-17.37390604166672,-32.7566013017465
6256,7.791746618313005,-50.17793162641058
6257,-17.0979019692956,-33.26302498271804
6258,-17.77712286263653,-33.90830006596951
6259,-11.812395220084648,-21.508411366308536
6260,-16.333475910063232,-35.07813986957693
6261,-16.460779428334114,-26.145442950647396
6262,8.325138322406298,-51.0070280596269
6263,-16.07639563284656,-26.071352912508445
6264,-16.323013174219327,-26.23129311227471
6265,-17.704049613481665,-33.706503938444285
6266,6.802897029286417,-50.39382007736467
6267,-16.09875049948425,-26.263075459654534
6268,-18.554208604534402,-33.12695666844685
6269,-16.14151041043003,-27.7105454460385
6270,9.907141792472085,-47.59201130012322
6271,-17.708701934479425,-33.13470433011279
6272,-17.02604829685226,-33.49459309939723
6273,6.981177908226373,-50.22088251258179
6274,-15.735066061686826,-34.62879694795081
6275,-15.432173696183904,-35.143156871291055
6276,7.016227051737052,-49.60084942709004
6277,-12.813307761111883,-34.33630031307773
6278,-12.588215813193928,-34.534373477096416
6279,-14.070470116557862,-31.945890822892423
6280,-10.104467381522234,-21.63625689554449
6281,-13.639043948461303,-30.39502550522918
6282,-15.123923006016776,-31.9636415182801
6283,-15.855130987934578,-31.950991119404947
6284,-15.399310068165658,-27.815354462082777
6285,6.577594068630689,-50.05212935348263
6286,-13.558144897841403,-30.392015695444886
6287,-16.529819355638285,-30.814604689888785
6288,5.754434965727835,-49.61132740987824
6289,-14.852339744903968,-31.766800239314602
6290,-16.62564937006843,-32.4639579481537
6291,7.455070208431094,-49.76239371640864
6292,-14.327851913980078,-27.270074534477327
6293,-14.742634233249305,-27.663878592494886
6294,-13.760897516973095,-29.68937549970562
6295,5.242485412486296,-53.643215241047386
6296,4.851612336908103,-54.42982445341416
6297,-10.740415067372187,-24.22899443422696
6298,-26.176274687875466,-20.971305892095362
6299,-14.86612154950229,-24.660571818626682
6300,-18.53759682442682,-27.725463691373996
6301,-13.777504232825464,-25.434529943778355
6302,4.699140351400296,-53.50304229487963
6303,-10.522087507285992,-28.879801241184047
6304,-14.953679418586024,-33.458126709836634
6305,-11.195193690626983,-33.13127738339138
6306,5.496541725074725,-55.10567241411761
6307,-16.94548924547224,-34.56489809325563
6308,-16.941446077697567,-32.38498922021785
6309,-16.57601181898988,-31.34976165246088
6310,5.094296062861285,-52.872041936643534
6311,-16.60632269329897,-33.33792399640132
6312,-16.837311248155505,-32.81748343184743
6313,5.141225048157943,-53.966826737189855
6314,4.19803012987458,-54.11115191885396
6315,-10.345030017939262,-21.743581956475673
6316,-14.714608956202003,-30.81358199838601
6317,-15.267091714074397,-32.10097882454831
6318,6.538902955842641,-51.80221535917984
6319,9.860896899255758,-65.21016945156506
6320,5.2724040017977885,-68.9875580578806
6321,-15.602816182978131,-27.291451005799527
6322,-16.325165372976635,-32.58259282740247
6323,5.697445495599243,-49.61025120501249
6324,9.91971677952291,-65.34034050799578
6325,-17.019362048627254,-34.73166304373971
6326,6.226249407493402,-41.507757762978976
6327,4.539570009469497,-56.86227267516355
6328,7.035535896529559,-58.30868004015302
6329,8.171249915477777,-65.9096543293324
6330,5.154854595871247,-57.5798002786213
6331,5.552059039885251,-58.264162249236165
6332,10.121480028687463,-65.55267776699093
6333,6.023844789877991,-69.1799291313719
6334,-12.031571086786052,-25.590928983948036
6335,5.936445770901247,-40.29814180134488
6336,5.80631596400607,-61.40471596768119
6337,6.064161380296047,-62.014209599928165
6338,6.518818062407127,-62.85146359008195
6339,5.384350623520988,-57.26989088492174
6340,-13.909214816543725,-20.286051949778063
6341,-18.249310482645566,-30.756966138602813
6342,-15.422126517070984,-31.36878257695548
6343,7.652462783532304,-50.0310364199901
6344,6.709521980483893,-62.85394366435925
6345,-17.122822972071205,-31.35988198198786
6346,-18.83211826084013,-31.606191208133765
6347,-16.924146633307664,-32.92049561798795
6348,6.70498551963792,-50.519382039580314
6349,3.963923102917095,-58.036526688532184
6350,-18.447522609237744,-32.59745321374418
6351,-15.269713332369486,-30.793921744309262
6352,7.088312606436254,-49.908389025938405
6353,2.377335616985494,-39.32885372564889
6354,-15.934829247025489,-29.46712216433648
6355,-18.017108749129267,-32.3156345060941
6356,-13.178183585818289,-26.382171857799882
6357,-18.2249617589321,-30.635712706891102
6358,5.350204690819022,-52.54564634106732
6359,-16.69315837008258,-31.03279581752149
6360,-15.8929103278628,-31.739143280047923
6361,-10.17261528213698,-21.663908751582742
6362,5.684194091233989,-50.061876406298694
6363,-14.068454396593884,-25.651591014283564
6364,-14.059516901921988,-25.586250863117275
6365,-11.599577869242722,-25.407693310458423
6366,-32.848202712798226,-19.621249227687816
6367,-25.141015504239217,-21.419314323441817
6368,9.559098408003358,-47.814218659953205
6369,-31.669035160533603,-19.73462001967994
6370,-19.585466194956716,-28.75515272995633
6371,8.30506453006813,-47.8460713874739
6372,-13.753269641473125,-20.379923826046273
6373,-16.67762491964549,-30.56249213156569
6374,-18.967813848172458,-30.679840972067943
6375,8.776958662234621,-48.01113660172401
6376,-17.047276347487607,-30.778755301200437
6377,-18.69404717286678,-30.655311863476676
6378,8.50489903535903,-48.164818920882226
6379,-15.664228517757538,-31.433196211536988
6380,-17.61947986853685,-31.618279423814265
6381,8.312252733931407,-48.64578842680843
6382,-15.59474923829848,-28.045760009835245
6383,-10.14536080380133,-21.647049698624226
6384,5.826612268000726,-43.35785766172937
6385,-16.371025539643075,-30.25278753623564
6386,-14.472504758244519,-25.74332772009923
6387,6.142666911088967,-51.319869576500324
6388,-16.260137582350833,-30.217357738002285
6389,-17.055286593460153,-30.780399728392688
6390,5.678560359070925,-51.91140408872806
6391,-16.43045160217291,-31.753950917915667
6392,-16.544193462143095,-32.19490646439592
6393,5.416634166695456,-52.94935601864157
6394,-12.210491862019245,-25.67940293028205
6395,-12.483850407296876,-25.48400557464506
6396,-11.39269918196725,-25.547105418608158
6397,-10.097463566702121,-24.168865480549954
6398,9.473853215011747,-53.50819170211989
6399,-25.80379112702146,-6.748194816303431
6400,-30.88365913843247,-19.061767162830552
6401,-10.126851463757108,-24.168606878336742
6402,6.862081259856361,-55.52645329052131
6403,-10.229928890995257,-24.218160234480635
6404,-14.35843776484914,-20.497123578113957
6405,-16.836566428125938,-30.58836505413479
6406,-17.276309830891154,-31.645499421876437
6407,5.4522576373302885,-53.36262768166851
6408,-15.736712202012658,-32.27673779039708
6409,-19.027299265950543,-31.758302382243123
6410,-18.73740913879139,-31.46126085110451
6411,4.859519292181634,-55.730641921807226
6412,4.1970087723669645,-57.44000115790277
6413,2.2936252502653036,-36.45911623468258
6414,-18.136172086259613,-31.750442328135946
6415,5.935230379596588,-49.5749922277423
6416,4.188365429012475,-57.41280908026348
6417,-14.43824099952853,-30.746532251339207
6418,-15.234374360539668,-26.654670663378432
6419,4.150359078067281,-39.58346603055836
6420,-15.440740835962991,-26.596464798129535
6421,-17.8362203756784,-31.685431596631112
6422,-18.631797718306906,-31.262474366017774
6423,5.335172516929682,-53.27083545686507
6424,-13.821947911238361,-25.500962218177545
6425,-14.100734274414721,-25.60212151063276
6426,5.0100985414490715,-54.859954807448574
6427,5.247837297915179,-51.763145225995004
6428,-11.54388754865629,-25.66661104629891
6429,-28.9617147546417,-19.104489063543344
6430,-18.546981371880037,-30.832537219342264
6431,-11.477625291256686,-27.545374664833208
6432,-17.827777481390342,-30.560343951945764
6433,7.625195432700218,-51.52989859574458
6434,-13.889236900659997,-20.328630624763445
6435,-17.395625036194833,-31.104696537372977
6436,-17.936636840573936,-32.39805888249174
6437,6.343280731665435,-51.739961214305126
6438,4.045843133209315,-57.24959391246092
6439,4.852341740132911,-69.25526890519045
6440,-17.414678254463325,-31.416824811423275
6441,-17.16346779812864,-32.211049528688726
6442,7.727704560013095,-50.006620534402614
6443,3.892276322300196,-56.29903059328208
6444,-16.436920860409856,-32.7915135765009
6445,-32.19583932301978,-19.67415505433098
6446,-18.131977654891305,-27.827182979099046
6447,11.061122664774656,-52.91610099413673
6448,3.824773701558735,-55.30980767463342
6449,4.12048772028715,-56.273633828995266
6450,-18.748658338738334,-30.61727981484023
6451,-16.109001291879363,-32.38100188069696
6452,-13.053145887426627,-25.54171245128101
6453,-15.18477346120895,-30.512032889578112
6454,8.990637063949874,-48.013095254846974
6455,-14.657771756843209,-30.888611484691864
6456,-15.062028851146932,-31.413473519457465
6457,5.7685200169587985,-43.90136301568598
6458,-14.685080024494768,-30.95945566012472
6459,-12.673485021711327,-25.764088542117353
6460,-14.031523708147356,-25.59814040377938
6461,7.546177809882763,-49.36952255230556
6462,-11.232984911785696,-25.691458059786214
6463,-12.027500362997191,-25.49705807574648
6464,-14.064948653043041,-30.692812829143094
6465,7.538756108571298,-49.87528646387265
6466,-11.203203846103415,-25.840821420552782
6467,-14.351514673157027,-30.605088623368072
6468,-10.26897059426309,-27.664775190835254
6469,9.893360442044388,-47.58720813019457
6470,-15.006331199735135,-32.95061502393943
6471,-15.4046903079092,-31.123025079821577
6472,-16.52764442635736,-32.092441234058086
6473,-17.64050491288126,-32.002351400723185
6474,7.555005647029067,-50.611814848222934
6475,-16.247566029313035,-33.27558310765603
6476,-16.789525948301524,-33.0793147250597
6477,7.449564634489955,-50.522750322398885
6478,-17.93213201096429,-33.59978804189945
6479,-10.11694769236531,-21.633716732510027
6480,6.170234270250254,-49.69088015934137
6481,-14.734105704879585,-30.136563028008354
6482,-13.251590811018572,-30.10978914538742
6483,5.6930785092448195,-49.448955272601054
6484,-17.48848174443643,-29.876948482865657
6485,-13.309813064198352,-31.169708445969917
6486,-13.547251357186044,-31.290046567160505
6487,-13.76283271126893,-31.64264544765255
6488,4.969591533016559,-54.66295430460694
6489,-12.50903996896676,-25.248175475215014
6490,-16.923982502622433,-28.136665210713055
6491,-15.445859465246656,-24.634837711592436
6492,-13.990905563438831,-20.120424731482753
6493,4.95250136990637,-53.93073492149049
6494,5.107166004245458,-55.59665307263984
6495,-24.79480999998059,-15.411731047600627
6496,-9.51272531031236,-25.490487913946183
6497,-24.123296610314767,-14.81829481310621
6498,13.275955701051148,-46.84419001065037
6499,-24.559538931373677,-16.635966313398562
6500,-19.189050050772405,-18.18339189214966
6501,8.420203927221054,-49.23025808779195
6502,3.8795858064218463,-38.289196869133825
6503,2.782435925844227,-68.48378641041842
6504,-18.40592059001962,-20.912888691307117
6505,13.934648317592261,-54.63333525567261
6506,6.770634016604681,-66.2251692590615
6507,-11.200672869339732,-34.463909152983895
6508,3.928999914403524,-37.15525825738538
6509,6.8501119706723665,-66.17008804278659
6510,3.866127057520977,-37.05161417084345
6511,4.110027482744152,-37.387459117739226
6512,-11.06605185093346,-34.374378063772774
6513,-19.313149825390727,-20.184867617413737
6514,4.7555344782064095,-38.07642897072174
6515,7.894611569741773,-67.10700203049997
6516,-9.995335658426656,-34.95526622641967
6517,4.039539011271339,-37.27147142394595
6518,6.93924917296705,-64.50953097011354
6519,7.898098038449873,-66.50247938990927
6520,-14.22033494914267,-32.52124981872822
6521,-15.333287371092508,-32.68677685437907
6522,4.63510704128742,-38.304442021475666
6523,8.252763074256887,-66.37865934612368
6524,8.558654519432714,-65.39193165810912
6525,3.7428538574220918,-38.18499621995526
6526,4.6140989215131105,-38.40212330308699
6527,7.928593358957165,-66.85839818170491
6528,-16.92477251407647,-18.68616046500586
6529,-31.305786094797035,-21.23114364627523
6530,-14.035480799782045,-31.847149856661396
6531,4.6346866317460345,-38.13343163695636
6532,3.6296320253008374,-37.94776128700106
6533,-15.965167991298571,-20.119380972117145
6534,4.773656619150277,-38.548804377637715
6535,-11.796841191819938,-31.78441592810144
6536,-18.831283796716352,-20.74979993667547
6537,4.471442494129429,-38.17842158471246
6538,-23.48241678763222,-19.920067063839255
6539,-11.974175564218084,-34.45092133753309
6540,4.6459480369051525,-38.58703725846079
6541,5.728975933045854,-61.0146224241462
6542,-34.29209454094781,-19.64812830462052
6543,-11.039565303823746,-34.156893524477645
6544,4.512789064313846,-38.904767399211984
6545,-12.546355835531514,-32.6107163229351
6546,-18.674837551607617,-20.947863875576072
6547,-32.08119478147441,-20.482797644793035
6548,4.959920733994125,-42.360909610015426
6549,3.6833489182250183,-36.95676940016892
6550,3.701810141120886,-36.30527069760118
6551,-18.426418952798837,-20.721433106987785
6552,-23.28805160160567,-20.667400968303305
6553,6.278823386107487,-41.68040418332753
6554,1.957881274820261,-38.78269103312468
6555,-23.407377488231262,-20.72259859289792
6556,-10.747507141823384,-34.293942988280115
6557,-18.995098250951738,-20.836194287178675
6558,8.828603588899403,-53.14856801993395
6559,-10.870548746311027,-34.364450539085354
6560,-9.869967963988763,-34.99635632617264
6561,4.543767117379918,-42.36688705781133
6562,-40.53287153706252,-21.120364757621232
6563,-17.702787065945564,-28.843672987763764
6564,-34.07717497280343,-19.94918570203223
6565,-33.77972010921505,-20.011900025609837
6566,-33.767594502308924,-19.680232595346382
6567,-18.93189816234106,-24.919295005448483
6568,-34.18179859395165,-19.832274305487637
6569,10.718370366009596,-56.54793853995011
6570,9.56861033657776,-58.470106613723445
6571,-18.019401019191484,-26.643373374975777
6572,-31.27492514559262,-21.303838774117487
6573,-9.51039686371212,-35.035155725763175
6574,9.232835928266121,-48.678847455908674
6575,4.431618945835425,-59.02047999036831
6576,-35.6572583446728,-21.93222477498681
6577,-32.99211838763523,-18.374351008708757
6578,9.697312489041112,-47.94459326203335
6579,7.5106632778637294,-53.50465824287955
6580,-14.459566813569875,-19.59778478883021
6581,8.944172770827967,-49.029740759590474
6582,8.899118372220332,-49.766717658674686
6583,9.010336041302176,-49.62004180051266
6584,8.108280710617914,-52.08541445628132
6585,-19.743562201937976,16.324825063750797
6586,-16.76671045321927,-22.73654681561684
6587,-40.50730973012772,-21.528658654592487
6588,-40.88221663276649,-21.667926580770256
6589,10.742160136679464,-56.32428027086291
6590,-15.687967546725591,-20.407453451602848
6591,8.76051868387647,-50.18915601375158
6592,-15.644124452007256,-19.68573724028893
6593,-13.195895467929631,-30.098862130458627
6594,8.007025345340573,-51.87595535271181
6595,-35.16971510509564,-6.405896411283277
6596,-35.34200001831847,-6.334427038789044
6597,-35.97912876529645,-6.5749512825218845
6598,-35.97279002379844,-6.541632734101033
6599,-34.433267372007066,-6.225759481753273
6600,-35.33192899488196,-6.365133415704267
6601,-35.342552406145394,-6.34805690596609
6602,-35.37680788408425,-6.253480382983822
6603,-34.94792070060373,-6.347073911197432
6604,-35.261761029639885,-6.335095693343623
6605,-34.46652228012247,-6.252881569104198
6606,-35.02616845246225,-6.4230948924785
6607,-34.35670312112481,-6.255552089325713
6608,-35.85628082116072,-6.469314886262512
6609,-32.80203882470173,-5.8643272737157774
6610,-30.363014394627093,-15.227470103304015
6611,-30.732218288089342,-14.0056631016596
6612,-30.801271803236297,-13.892875655897297
6613,-31.89415754115829,-25.651452108748714
6614,-30.803237345498122,-13.69004577853413
6615,-31.014643421853417,-12.383179636765838
6616,-31.085942403617533,-11.913032912551982
6617,-31.14931084181857,-12.258699691437894
6618,-31.11454164035861,-12.483511363937787
6619,-31.021052448903276,-12.471205214142467
6620,-31.01987828131312,-12.68471057460384
6621,-31.017466856527385,-12.327290171380437
6622,-30.776206853650653,-13.761262298814332
6623,-30.677728318141323,-13.891139314942112
6624,-24.534491297632012,-12.878244235235353
6625,-30.66904141814826,-14.005546972261309
6626,-35.09937509389512,-9.839993048209001
6627,-30.967904794752176,-13.056120777016027
6628,-35.11273681915438,-9.841383483301751
6629,-35.15872724621961,-9.885657570223497
6630,-35.19572294607077,-9.900336086209208
6631,-30.565783761216977,-14.072011097255439
6632,-29.779004065556162,-15.620825464778646
6633,-30.30638775608617,-14.608211543242968
6634,-30.139698937192406,-14.209177035560598
6635,-30.37497594293006,-14.728759406028864
6636,-29.993163218458847,-14.876845988301117
6637,-30.02763537651915,-14.53103148211223
6638,-28.517841502851866,-12.660232472773968
6639,-36.72912800956063,-27.340032516553197
6640,-28.57962897405903,-12.877218283530393
6641,-28.83145842677408,-11.974732205938121
6642,-36.71641776979825,-27.635997471981995
6643,-28.571479392688477,-12.879293916026429
6644,-29.005944920055708,-11.746941269201333
6645,-28.57528204313804,-12.855588047255813
6646,-36.70740864375678,-27.380588588976746
6647,-28.54391181819064,-12.849920863284575
6648,-36.746821071278056,-27.37969704652841
6649,-28.54851595365183,-12.702607801368154
6650,-36.745571465767256,-27.266235549458703
6651,-28.600378678130596,-12.653314450332507
6652,-28.883094995116583,-11.901195902252729
6653,-28.613181369094736,-12.792338908267766
6654,-36.68525170000078,-27.491484829379157
6655,-28.529022414476003,-12.81846451500353
6656,-36.669894277423936,-27.722360153859245
6657,-29.674597800813007,-20.950936287413008
6658,-28.483720573488643,-13.017455777094476
6659,-28.476812792774933,-13.300460720363274
6660,-29.08841834950521,-1.3651828021974688
6661,-29.972578884851565,-0.19063045254407054
6662,-27.525995893099587,-1.9746203860892728
6663,-29.01181521433251,-1.0954399186604018
6664,-30.387605647877646,-0.5627110314627894
6665,-30.803490315680595,-0.09402060653610202
6666,-28.43033643737058,-2.0224541157979874
6667,-26.572525040676915,1.0544926656535396
6668,-29.55089509240042,-0.5038015409323867
6669,-29.358484581025028,0.01761724354097358
6670,-28.19429426503944,2.0165080780214937
6671,-29.603873795623787,-1.3402794835160794
6672,-29.734306168310148,-0.48302214532832294
6673,-29.460197807740215,2.3847628066202122
6674,-29.65385015550862,2.543997824434701
6675,-30.89520966965607,-0.13285545673581944
6676,-30.28926618790196,-1.5857839360682315
6677,-30.312495582919997,-1.372020154554955
6678,-30.885871835372885,-0.08844385380510106
6679,-29.350911478466813,-2.0397354700723582
6680,-30.291275482388407,-1.557291287736628
6681,-30.554692786940617,-0.8558145921396293
6682,-29.993691667730015,-0.4906594351814154
6683,-30.029996593790003,-0.8443949134027818
6684,-29.243534503708926,-1.688214549976498
6685,-31.701360704087907,-1.6583648786518927
6686,-30.099652541198537,-0.42407548336901685
6687,-30.618550518150908,-0.3797428943828402
6688,-30.151874670947166,-1.7185832007810842
6689,-30.90831945088612,-1.8127431353995216
6690,-31.245833130773125,-0.4543254371999558
6691,-30.453248364531724,-2.1807294010306113
6692,-30.0572260978078,-2.070209242557102
6693,-31.196292157826907,-0.6107961120489114
6694,-30.750132286573088,-2.609954021103139
6695,-30.987691354388375,-2.008977248688396
6696,-30.975869294311757,-1.557497992361012
6697,-31.512194668564188,-0.6105955477271586
6698,-31.83189221015356,-2.1333268858903
6699,-30.668677046537905,-2.4735074551905383
6700,-31.299013142301753,-1.6331271587863303
6701,-30.9031207600761,-2.5724659837380717
6702,-30.618914288818186,-1.585562485294804
6703,-31.21593620053086,-0.6827933931885362
6704,-31.290063147226075,-0.7225001745712789
6705,-31.554469584435857,-1.5726873419691096
6706,-29.457751815740757,-1.72164451605004
6707,-29.941613177276448,-1.4815567980131894
6708,-30.074202101811682,-1.434141557244148
6709,-31.220671788518924,-1.2113093125559682
6710,-31.27363815500166,-0.7202645006162667
6711,-28.25320289293956,-2.31044076995589
6712,-30.54811253541975,-1.977990712736268
6713,-27.79871818898162,1.963619746955138
6714,-27.72722918871111,-2.5697324156819636
6715,-28.26524887338215,-2.4233027680566965
6716,-26.478432979420486,1.13220865825267
6717,-31.413680046684224,-0.31223948926216233
6718,-28.027901967831383,-1.1938699145126168
6719,-26.577666925937596,0.4862471033397509
6720,-28.000552462715532,-2.1930218298575817
6721,-27.45330619867969,-1.3988886585959162
6722,-26.67358930686392,-1.6092769368600037
6723,-27.541998661157592,-2.381327560035385
6724,-27.8385211981028,-1.0889411570350327
6725,-28.30853007278965,-2.943152771058993
6726,-28.220422734381643,-2.2303349152478034
6727,-27.3114146534057,1.8135429796538771
6728,-26.73037561846334,-1.8434415199338878
6729,-26.752668622086993,-1.8432195993351908
6730,-33.13934187059941,-7.593678610593758
6731,-28.409347566012084,-7.362698838827031
6732,-29.999067240781084,-10.46119487167308
6733,-29.217275136261744,0.22539745255672036
6734,-30.00718876808853,-10.396194894832286
6735,-29.856422046080063,-10.886709691497442
6736,-28.818302101199563,-8.16895187407609
6737,-28.218358416901594,-6.101956217777258
6738,-29.003393172257557,-9.902619635184534
6739,-29.538404177553193,-6.406509444636286
6740,-29.001267135967456,-1.2763800231066855
6741,-30.79451838926206,-7.15096576766794
6742,-28.481354900290214,1.9814238536104227
6743,-28.30732830839572,1.3639302148530326
6744,-30.272359110503942,-6.22268654103538
6745,-29.606434434641283,-6.932238296029546
6746,-29.250139680129994,-9.517576466284883
6747,-28.13928394750227,-5.9109665367914905
6748,-28.72020487733668,-6.221955589233259
6749,-30.11113887241944,-8.933553112746136
6750,-29.055328085847506,-6.605330898064904
6751,-28.48769692289805,0.2980683796034545
6752,-28.606444445115137,-6.290402580141383
6753,-29.926568985439964,-7.7165415613871495
6754,-29.042471868831246,-9.065961290741113
6755,-30.67554648497384,-5.746709236265039
6756,-29.41416021132283,1.4968855412860296
6757,-31.382755486128794,-7.409104492812117
6758,-29.18621416688653,1.949881053867845
6759,-30.87134824499981,-7.081949346465774
6760,-30.203934861741775,-10.462879927844664
6761,-29.39358063678835,1.1779292660308094
6762,-30.37920830198816,-10.242798547095123
6763,-31.411973556476273,-9.6733009478778
6764,-31.893556889533574,-5.150528522312099
6765,-30.202299231649192,-9.54875043256948
6766,-29.244651273633224,2.7281374590889413
6767,-31.576173642600033,-7.667893190160339
6768,-29.303084545415835,-10.192708617058189
6769,-30.93357848898401,-10.596607460834978
6770,-30.5239335349594,-9.949047313270162
6771,-31.59578007160717,-7.665943239504628
6772,-32.17954284118803,-9.043108366008525
6773,-29.710980447808904,1.2599942249479166
6774,-30.369654536191995,-7.777443391017927
6775,-31.909901932086218,-7.927545907834839
6776,-32.13221198534387,-8.060662960569788
6777,-31.361049470891395,-8.163761514906543
6778,-30.880651084750102,-7.510993901367024
6779,-30.777809236048032,-6.08511605490709
6780,-31.412641782177403,-8.921446795858998
6781,-31.037442879059668,-8.325159048082634
6782,-32.43037346261366,-5.251961279438118
6783,-31.148411706373473,-9.781186732902107
6784,-30.41461319471319,-8.716835768853745
6785,-31.670654037794908,-8.519062129861307
6786,-30.9824447677867,-8.324565524140699
6787,-32.043590701952766,-6.7274180744836976
6788,-31.88363492412769,-7.385289208278094
6789,-31.428191233328015,-8.80408136978858
6790,-31.896008604527857,-8.21555687840525
6791,-31.236439827648958,-8.72756507124608
6792,-30.696193161926395,-7.905362122780368
6793,-31.16156504261541,-8.619824530372467
6794,-32.02323083929983,-6.93869414123529
6795,-31.226630767948567,-8.124241052043468
6796,-30.076347496065477,-8.466262987335302
6797,-29.043592298013547,2.61454632815332
6798,-31.396413526252818,-8.518724508228535
6799,-30.23966137545627,0.7079014440856035
6800,-30.46389191420725,-6.810272003872952
6801,-29.190922370358017,-7.775487391605268
6802,-20.10848796737446,-35.54677192371282
6803,-29.1363289153251,1.962567558529018
6804,-30.107648754964664,-8.159002840019717
6805,-30.857959192104012,-3.9577945173276676
6806,-20.244695052511855,-35.60671965595815
6807,-31.633311281087042,-6.815012871646831
6808,-29.106186855736652,2.441895692107813
6809,-28.747534566605626,-6.337449739330662
6810,-30.751717885469972,-9.186039526399822
6811,-32.02141175810976,-1.7788271808908342
6812,-30.384191605762584,0.38870323749493957
6813,-30.855756084260953,-8.083500137572294
6814,-31.62467207368967,-2.561374193939387
6815,-30.516297759631563,-8.205147791864828
6816,-28.969518192051364,1.6256947813711786
6817,-31.871987036046622,-8.791385882432804
6818,-30.44248980537183,-9.682054688512682
6819,-28.025821176338297,-2.552292583162777
6820,-30.640813199418115,-7.752123401897073
6821,-30.64212866928365,-8.883863999810353
6822,-31.058949013759616,-8.445554529241624
6823,-29.83617121394919,-6.665395372294758
6824,-29.126466652203046,2.558233343523165
6825,-30.8189268905501,-7.587726118772933
6826,-29.296224926661083,2.7046905133800583
6827,-30.112684898163547,-8.664647544586055
6828,-31.21375902516664,-6.383116166970134
6829,-28.94223298148783,2.6835469279506197
6830,-31.04681339217292,-10.192750545034247
6831,-28.915744846414555,2.6445187182849237
6832,-29.521992354315007,-7.4552867576512
6833,-31.088520946394105,-6.267310284709468
6834,-30.512560552630074,-7.373521031070905
6835,-29.34353495919869,-7.050504776917411
6836,-30.23829769439424,-8.631504302684183
6837,-28.84745859923827,-7.351461200919175
6838,-28.108134692282622,-5.975627119676681
6839,-27.903250095377942,-5.8864645394551225
6840,-29.957553142520833,-8.09404622285414
6841,-26.883244626527965,-4.107249148570375
6842,-27.08816042675402,-4.770920406583531
6843,-27.675345227166147,-5.969348076067925
6844,-27.691021267355655,-5.522445791016563
6845,-26.109175720382286,-2.475109405829531
6846,-26.258292132369828,-3.6887797970611897
6847,-27.36021643813861,-4.676712099604763
6848,-25.979843346301234,-3.3007409975582527
6849,-26.636162870311797,-3.800809961140999
6850,-26.80497962371092,-4.138623002036381
6851,-26.465620424077763,-4.4110160057453145
6852,-25.402096015671223,0.8516667919271598
6853,-27.00376034229189,-4.933939275634616
6854,-25.423750226670204,0.8394488566360415
6855,-26.29959947110635,-3.7285447451285596
6856,-26.09836793321308,-3.9139861883284075
6857,-26.05181068345213,-3.5893892199876167
6858,-25.452428689286617,0.8474032657244915
6859,-26.248407189174007,-4.008544738037885
6860,-26.532269497296785,-3.8874756257540506
6861,43.71814780836185,-8.732740669918876
6862,-26.73394599265579,-3.7563887309609187
6863,-25.39875393687632,0.8656896802862716
6864,-26.63574716429573,-3.643310611452086
6865,-30.22495928401241,-31.570662402856904
6866,-30.338440401147444,-32.034932099987515
6867,-30.231275498653414,-31.930594724849822
6868,-32.8471005641764,-31.499841201153693
6869,-33.34502169648786,-30.483935227227967
6870,-33.43472517003947,-30.28999380605741
6871,-33.64840583042804,-29.831409920608383
6872,-38.71242709449538,-20.692742446506116
6873,-42.47448418219304,-21.5758905455933
6874,-41.87005525766449,-21.737705059687663
6875,-34.11941208398132,-28.00770496260905
6876,-33.77412426784327,-27.842448534131602
6877,-33.47053202453701,-29.845465380591985
6878,-34.03145550953589,-29.24507361350254
6879,-34.07228209371066,-29.06315433929837
6880,-34.02185571332087,-29.021002978263418
6881,-35.05373292089982,-9.917868891150741
6882,-29.32859222942312,-30.959180822848527
6883,-29.389573602619116,-30.841942547044187
6884,-31.607429276081117,-26.679593300955275
6885,-33.90206287138544,-26.314023555672158
6886,-31.688066898269845,-26.363946465390022
6887,-33.45186401568966,-29.212062398710888
6888,-33.86673828437621,-29.675624489594096
6889,-33.992138301740056,-29.572504342269227
6890,-34.01518709765238,-28.77648882856043
6891,-31.612126737588103,-26.893012329597084
6892,-34.06450932219879,-26.58329040366243
6893,-33.86205497252261,-26.754030785836243
6894,-33.30237707333695,-29.260616355491102
6895,-34.164190327880505,-29.433023245286783
6896,-33.97445058703935,-28.9611690333756
6897,-34.01415112684779,-28.928778072140652
6898,-31.582148693512732,-26.637421197865535
6899,-33.694210038845,-26.812979825902428
6900,-33.91555873265587,-26.34928238479983
6901,-29.567393161849008,-31.335680541802162
6902,-33.473083194703065,-29.28894236749663
6903,-33.616826508614665,-29.504200158153804
6904,-34.00843086132482,-28.83157125494059
6905,-34.01914488662157,-28.96336969832565
6906,-33.75734038477356,-29.41970985677118
6907,-34.06305504401508,-29.545625149217273
6908,-34.052516536054874,-29.039290873125033
6909,-34.087022439204375,-28.709330462832764
6910,-31.62849882420146,-26.604970186554198
6911,-33.51887751603569,-28.62955571686707
6912,-33.86328223910725,-29.42061144165879
6913,-34.042697357180906,-28.8506951291422
6914,-33.99489256787761,-28.867948114262337
6915,-31.627818787764465,-26.8518989063098
6916,-33.72548794622535,-26.45665804603725
6917,-33.53997316293239,-28.605690236608964
6918,-33.37189810438475,-30.449466664844685
6919,-33.65398940530886,-29.86042948441873
6920,-33.85268318637201,-29.436570119792027
6921,-31.65169195259274,-26.636794537702563
6922,-33.95293204835368,-26.426118616433676
6923,-33.953618117078776,-26.28635847161197
6924,-29.490442554814294,-32.358044824654336
6925,-29.401884142677236,-34.76761861275349
6926,-29.799907552381757,-32.51474802568093
6927,-62.94791087949356,-11.173473342183716
6928,-28.97368246392435,-28.155549794819777
6929,-29.56348310644762,-31.175430228557303
6930,-35.656139062716,-22.01203576105493
6931,-62.986457653265425,-11.18010149157876
6932,-63.17091249682216,-14.901285861533019
6933,-54.11009073869056,-20.281899810308193
6934,-55.27046987286146,-23.197156435164967
6935,-54.78573953484678,-23.40139999945887
6936,-29.822402274270253,-33.154083773760235
6937,-29.924510404172853,-32.38205691191706
6938,-29.762077644379442,-32.421916411234086
6939,-51.52420898792835,-23.452238220712445
6940,-29.67193114375652,-31.26816485538361
6941,-54.44585221523768,-23.392026682254354
6942,-54.956362044152236,-23.651591036211666
6943,-55.00023159898305,-23.500564527779705
6944,-54.880062629896194,-23.679492244812444
6945,-29.91077359169211,-33.01766381146498
6946,-29.62594448009616,-32.86275013617929
6947,-29.765144495551485,-32.5762158374249
6948,-51.50005238460759,-23.42472737412182
6949,-29.53121603381737,-31.154843931365164
6950,-63.20987524564633,-11.190209706264138
6951,-55.05621901786531,-23.365801018174484
6952,-54.8571166309142,-23.48824019426366
6953,-54.899240229682405,-23.62051306547646
6954,-55.51059033076025,-23.023767107277536
6955,-29.847023489298753,-32.80455592936038
6956,-29.71653386500851,-32.42533253957863
6957,-29.740517578751167,-32.692050051784186
6958,-29.915363587511234,-33.040803083016314
6959,-28.5759190536893,-27.540136394088574
6960,-30.014212685117847,-32.918253405287736
6961,-29.674677163258572,-32.696500340720796
6962,-29.790856499325184,-32.74100192740318
6963,-29.872078439009144,-32.65808605054109
6964,-29.248557674552227,-35.25994053186172
6965,-29.83498983470296,-32.367128224364365
6966,-29.79362555169637,-32.700999205439764
6967,-29.68491144872201,-32.445056065364575
6968,-29.753328422835057,-32.393951860490475
6969,-29.452760435145844,-30.57986589555338
6970,-28.623069453368363,-27.56793256740961
6971,-35.779980947903276,-22.09779964558344
6972,-29.794376473432692,-32.57951230189864
6973,-29.67208624816642,-32.87817174815266
6974,-29.591778306320116,-32.60834005919761
6975,-29.548398187670742,-34.32236492924948
6976,-28.723056078948023,-39.9925383345218
6977,-54.10026839551607,-22.695778011232715
6978,-28.69263577126655,-27.686127894702025
6979,-27.076230037285733,-40.61873140084642
6980,-27.729964963960917,-41.09659215025942
6981,-27.167531390841074,-40.742261211795864
6982,-27.089244602986597,-40.63385108272095
6983,-27.142964380471433,-40.68810935070137
6984,-25.52986683827055,-41.26342040410969
6985,-25.02373841480905,-41.257177341327406
6986,-25.152113190249036,-41.15973117862423
6987,-22.687768157074704,-39.254418022728196
6988,-37.17742931272721,-12.22735032723719
6989,-22.668804156087614,-39.118881872537344
6990,-27.6253026928459,-40.87237253534566
6991,-26.400758360275766,-40.60739791695545
6992,-35.00342351982009,-23.900300058898555
6993,-26.65502390709631,-40.60223139374276
6994,-26.59453722052277,-40.403369891049564
6995,-26.60225287538121,-40.4677147254596
6996,-26.62778335490668,-40.48446759507284
6997,-26.62705292842205,-40.38575291051749
6998,-26.85339204882329,-40.165934606121866
6999,-26.117114611672967,-42.23129798277031
7000,-26.48040911502746,-40.913771135159706
7001,-25.954351432584193,-41.83670330078373
7002,-27.174656053972143,-42.02527821953125
7003,-26.12317865065065,-42.16542911352846
7004,-26.243277643084063,-41.99335699733084
7005,-26.10562740989217,-41.352457494270325
7006,-36.9362520023622,-7.092575862484103
7007,-26.132408196458968,-41.98177224044948
7008,-26.218005726720946,-41.46259220642067
7009,-35.8784924061396,-7.89527986204941
7010,-35.88750060227511,-7.8523365578840405
7011,-35.916507332518385,-7.711566907360257
7012,-37.08370592606005,-7.103592423236785
7013,-26.334942484444948,-41.776164263353756
7014,-26.36090750783845,-41.922488555910924
7015,-26.240305614226962,-41.85688774493186
7016,-35.944190618735206,-7.856858045675297
7017,-26.121709592384878,-41.93807412917665
7018,-26.453567404402452,-42.01565176405676
7019,-26.286161101594416,-41.95716632716782
7020,-26.12854834020437,-42.401999791589475
7021,-26.672751148681677,-42.2294505892877
7022,-26.332905086608754,-41.99306506358578
7023,-26.516562252588564,-41.870120383347
7024,-26.600635627308783,-42.05911483961627
7025,-26.66031423431277,-42.285620120489945
7026,-32.59299957596536,-24.697289533160728
7027,-25.59054245484853,-42.41225278280522
7028,-25.98408624917619,-42.093266556259245
7029,-26.21240867627112,-42.308220496815395
7030,-26.742862260397658,-41.99758810478269
7031,-27.36435868938391,-41.863044882436895
7032,-27.276748246792415,-41.48640737329588
7033,-27.203033069687994,-41.404852573730494
7034,-27.235982025844034,-41.545458466985465
7035,-27.20641301998001,-41.514532681964084
7036,-27.211689362451153,-41.53531644355642
7037,-27.201072861156117,-41.45264915088484
7038,-27.212091533145074,-41.56590220545995
7039,-27.247798651619053,-41.55743374650462
7040,-27.170607842973748,-41.593333375217966
7041,-27.247045341137305,-41.60089512790661
7042,-27.229358493582545,-41.59055025623428
7043,-27.505715877391285,-41.56984372082113
7044,-26.084225706857634,-43.91694742196325
7045,-26.077819412339892,-43.93821058964174
7046,-26.139360862672845,-43.765252603516174
7047,-22.476832805446975,-50.593452465077156
7048,-21.997580662403845,-52.28742689942942
7049,-21.998966849764223,-51.80431490827325
7050,-19.926631404038595,-51.76119417748416
7051,-20.338633191409237,-52.13702601780968
7052,-22.6647995095102,-49.50960347857037
7053,-20.199001281043586,-51.52262051719608
7054,-20.149752324297285,-51.70141241191263
7055,-38.36624708587417,-21.040092147707977
7056,-22.647084466813073,-49.40930029544913
7057,-20.54963596397041,-51.960076025155104
7058,-24.250085711338684,-51.68789954394662
7059,-20.417234456647265,-51.681359167363404
7060,-20.407427811865197,-51.68473339481135
7061,-20.270510662040817,-51.332606824995906
7062,-20.384566921915702,-51.19685262756772
7063,-20.311754059389074,-51.655288745180165
7064,-20.479569340316978,-51.32724448683418
7065,-20.65970562204708,-51.24947222955816
7066,-20.635340059163568,-51.49638408556416
7067,-20.517404738573184,-51.46084563966104
7068,-20.761910205972235,-51.236073294322004
7069,-21.457125374210438,-50.4250927342874
7070,-20.8629383622799,-52.040008553947125
7071,-20.73230507701447,-51.12321304675158
7072,-20.99457857241251,-51.02070305420396
7073,-20.652685108474465,-51.16270637540755
7074,-20.814558316052448,-51.609550347474446
7075,-20.994737333475015,-51.146547781845356
7076,-20.877871447455494,-52.12749972186008
7077,-22.548404314579482,-49.1379366510411
7078,-21.046648636470962,-51.250156821392046
7079,-20.760545129576073,-51.71370483173725
7080,-20.870374519187905,-51.71211075343008
7081,-24.35671624538665,-51.68328775798556
7082,-20.718164940408446,-51.43004488670779
7083,-23.932012949444353,-51.684731482704336
7084,-21.085775416839557,-51.25300556233784
7085,-20.852151685040173,-51.65367273313211
7086,-22.533218811688563,-49.26204233142543
7087,-21.154515307926165,-51.25745901206014
7088,-21.2441518800028,-51.50206814597428
7089,-23.221827642319532,-51.55767570237866
7090,-21.330652016734224,-51.559093759022126
7091,-21.25152160043447,-51.28231278879264
7092,-21.264302998861577,-51.20557892689066
7093,-21.305466834495554,-50.972525805892246
7094,-21.20406013336757,-51.22860568137037
7095,-20.97750584641979,-51.95123413016943
7096,-23.307969232809693,-51.577774550935395
7097,-21.379735558745946,-51.03921430986959
7098,-21.70629990210655,-50.17905570167728
7099,-17.687776895347366,-48.52254921815295
7100,-20.75977514820196,-49.629744499253114
7101,-17.37734521665059,-48.38464293065902
7102,-17.486522011299034,-45.951137544384
7103,-17.429654189547797,-48.31504811113052
7104,-17.45257363604646,-46.15076960942598
7105,-17.39907145215781,-48.388200564370756
7106,-20.822927308633577,-49.609968083514495
7107,-20.609065146229103,-49.51981325215442
7108,-17.904170893900478,-46.07235694168863
7109,-17.38602166260835,-48.32321115883127
7110,-20.612626215806227,-49.79800892042741
7111,-17.848849222730912,-46.50389946930038
7112,-20.17741940514869,-48.742967028332565
7113,-17.510557482327336,-46.93935090347444
7114,-20.334141482052008,-52.979199093528095
7115,-17.2905147286967,-47.82132803872158
7116,-20.675093622253435,-49.457356757974054
7117,-17.364902341125642,-48.60346732344041
7118,-19.2255346013615,-51.17144853231336
7119,-15.25978105252831,-47.91814045323081
7120,-16.8534292295335,-46.36881921675613
7121,-15.16592056663671,-47.90583417051514
7122,-16.75868790715114,-46.50130887468863
7123,-16.41802826267574,-47.37202059519956
7124,-17.160741452656076,-46.86586440805425
7125,-17.20254855836864,-46.7717741349516
7126,-19.191802984369765,-50.92604089301972
7127,-17.10659540331161,-48.02176240474047
7128,-16.789119949995683,-46.30150383481382
7129,-17.15302529330448,-46.737073555405125
7130,-17.615901805093774,-46.94325943271977
7131,-15.324090354643323,-47.4628071051975
7132,-18.500728016094122,-48.474457659614934
7133,-17.727300329083363,-47.08356124950413
7134,-15.110192628075541,-47.49515512898015
7135,-17.914557864736206,-47.12348540780929
7136,-17.432901070905338,-47.49836055652071
7137,-15.233596151339398,-47.438271936588976
7138,-17.8184459221358,-46.913296851939
7139,-15.694563439109285,-47.18171343671318
7140,-17.584255119956314,-46.97412296957071
7141,-15.114921679538753,-47.51191597506635
7142,-15.303104562617163,-47.39382802558685
7143,-16.048263162477006,-45.96275595979004
7144,-17.586977946790586,-47.39331320862203
7145,-15.910685626435663,-45.87678657929386
7146,-16.097094568196074,-45.934385037712964
7147,-16.95163253468845,-47.442614942886266
7148,-15.921225512446172,-45.850730193908724
7149,-17.40971814432922,-47.10769921377892
7150,-15.812442868937671,-47.172687492682044
7151,-15.064186693997309,-47.581923867118526
7152,-15.33553489053448,-47.28318359344994
7153,-17.751082827107076,-46.475338485905525
7154,-22.410383061714967,-44.76230230715549
7155,-21.733882858831617,-45.515670380225515
7156,-22.699246943053755,-41.97857698142947
7157,-23.02913514537438,-44.74053238359717
7158,-23.9589395033655,-42.91275210032685
7159,-22.966227973094618,-44.88072240202323
7160,-24.180678625634325,-43.48673320709779
7161,-23.94894275351598,-43.76508407832803
7162,-22.710200940163094,-42.063955273797205
7163,-22.807740350865362,-42.26811096782742
7164,-21.15599032453652,-48.87299756788917
7165,-22.914127980073737,-44.29671261045401
7166,-22.73566492452976,-44.47569186794627
7167,-21.336576406941536,-45.83019224118777
7168,-22.732527779151642,-42.06630168456127
7169,-22.899044040154088,-43.60993108509219
7170,-22.975148631430134,-44.029970402535845
7171,-22.931223401742983,-44.16685451711192
7172,-22.85278106871222,-43.544037052255135
7173,-22.969799162858056,-44.11380387661454
7174,-22.953370134396586,-44.023007815916834
7175,-7.2832501971736,-51.82126517984706
7176,-7.271885263709507,-51.85123687847217
7177,-7.30200446116852,-51.79656551153033
7178,-7.277518996495979,-51.805883431010365
7179,-7.289766480308383,-51.83054596851856
7180,-7.322472351362247,-51.7682590967053
7181,-7.2174324881591705,-51.921075347206866
7182,-7.266696680871283,-51.86197363549992
7183,-7.286005576194196,-51.81483967499704
7184,-7.057849951797936,-52.121965811092174
7185,-7.737079230017733,-51.168096483566316
7186,-7.291190496871346,-51.81310192611686
7187,-7.14610674495798,-51.94248075236416
7188,-7.632432894275927,-51.29825989273563
7189,-7.293048224845703,-51.82281463726048
7190,-7.2195875297739,-51.92301995829408
7191,-7.215264481990792,-51.93262302394857
7192,-7.212786910871421,-51.93885999082507
7193,-7.228649252601403,-51.913783257130646
7194,-7.237429745186868,-51.90227233939736
