,0,1
0,-2.1909855186369644,-6.3216170414501605
1,-13.701452650450163,-10.70039263664407
2,-15.06667615252178,-14.984362448548241
3,-3.131077512545215,-4.545384848236098
4,18.5447403527397,11.197563914171754
5,13.78775654911158,5.852776193018842
6,26.1849245215976,-5.635501076919319
7,10.457262619853758,9.786712353940777
8,21.81923523059104,3.7901851411338416
9,13.937188395129514,-6.901144715580914
10,-20.315553436293623,0.8029173820217733
11,9.092903003851676,6.984342293685143
12,-3.1672586886434484,-6.495629041385262
13,-12.581593763305586,-9.942848255741541
14,22.783879905466065,8.882582947698525
15,-20.457848368290932,-3.0262358717370983
16,-1.182979193523439,-12.329412290685816
17,-19.806673065841235,7.341748192873998
18,24.612145215424302,-6.466392559967037
19,16.43919524906084,4.688785583329361
20,9.678444462724748,6.7146872078354125
21,17.86780158630113,2.186889858211388
22,-18.010766044340652,2.4870404683407883
23,22.71596559293982,2.9063654761950444
24,-20.89084835225832,2.582849759403914
25,-28.34563191046894,2.0237367310386296
26,-2.918981190215246,6.047478383591724
27,-7.672707732713068,-19.29788630021827
28,-6.769470787852511,-5.1427735084708255
29,21.30064471468491,-12.098702491249304
30,-11.37707143946463,-17.56892331935162
31,14.437101143534218,12.03572932993478
32,-0.14280527289256342,-4.581532170064033
33,0.04690181525963803,-8.632182156203877
34,-25.62982498413435,-6.312866332766138
35,-14.81148873090664,11.592002779014125
36,-15.554563307674629,4.061587665919535
37,16.547201820279913,-9.977828717419493
38,19.579453971946418,7.613350843866043
39,-12.337506283548612,7.498940903872727
40,-4.071464839396183,-7.398283959096837
41,-17.206219924766685,-9.25499169881961
42,-7.62119088199432,-0.3292927561454382
43,17.752926114390778,-5.637094743626376
44,13.445612748288276,4.4500466178988
45,-12.347419322758668,-6.050404841512407
46,11.16055902577005,11.143358019831801
47,17.046408832005525,9.001839722928743
48,-3.5003065758056664,0.6419270680482536
49,-12.601293740780793,-6.912778922749244
50,17.76441048309443,10.247687060388111
51,-8.424254266745914,8.025205293180388
52,25.281042416744395,6.519555746107383
53,18.18850677836192,5.130097626565559
54,26.631589647030044,-6.1229318859897885
55,-22.55587525945531,10.52668404412654
56,-18.686286373548224,-0.12089085077683424
57,11.065952343350597,11.103323402108591
58,16.46365523627999,-11.009962210655369
59,-20.87185628162136,-8.068966774964228
60,15.316566097112032,-9.041844240904869
61,22.95957110977367,11.204057846612407
62,-3.9434964950016798,-6.034988195528382
63,-14.093236205672829,7.867797874880709
64,-14.289913197407122,-8.970715720545998
65,-3.7986903963582437,-16.52594376007369
66,1.103154872780521,-9.553935506320231
67,-7.162140033384217,-0.3260061996791195
68,-1.1109651926246324,14.712846225789079
69,-2.069145809683635,-15.326334378403214
70,12.09316496942316,-8.25257052173231
71,0.5673225925565515,-8.059996632111403
72,12.621663481796148,5.628767759684314
73,-5.15925389949386,-8.1962469867343
74,-15.929465348719136,-3.5085901245227484
75,17.484241237193842,13.284808034337887
76,26.591301384519454,-8.922630333629455
77,9.088714893672194,1.9971405010957735
78,-13.152872693591409,10.113323750143692
79,28.320547284057383,1.2513822755342179
80,25.48510494408384,-7.582942987165878
81,21.068246447738908,-2.35068500784453
82,17.071716949181518,2.6868722751470515
83,-19.48395013628596,-10.431221081096053
84,10.565232059312443,10.136256915557187
85,10.21849994319774,8.807009437596458
86,13.76908739473509,-11.159220563074985
87,17.863602604341057,-3.2900393611544607
88,-16.90853371814671,8.374792423206147
89,-12.433398329312396,-4.46499441326054
90,-9.831165923163203,-6.561600364944632
91,-23.09395556360469,7.400436529482033
92,-1.794158671622309,-12.058453174113682
93,0.4748012309173576,-2.1025608910183533
94,22.758477350159396,13.492613339500245
95,16.07081287307281,-2.673155630346598
96,-24.57461073328709,-10.586355735814928
97,-11.55002458620238,-7.183359444033394
98,-16.12989703348998,10.216697654750181
99,15.444370666543014,-11.046441647808603
100,0.09730936592587416,-9.220185907444169
101,17.3372525691374,14.009382975234063
102,25.60030664950594,-5.713638816030851
103,-4.441837749425148,-11.536125439841989
104,-1.0560753404018057,1.3453581053301868
105,-1.2460060203158743,13.207929872549137
106,-8.289011182867439,-10.704762104032385
107,-20.116816754751156,-12.903340680032912
108,23.57284685775215,10.749492991226758
109,-8.45447124468157,-7.138135763520094
110,-6.067124583298199,-8.783979663275046
111,21.825538066450783,10.565201083773843
112,1.042550707382218,5.067685126687183
113,22.03492153995467,-11.64834927882687
114,-12.188645722417776,9.254082233623947
115,11.132247643289334,8.795372708037869
116,-4.941508321674996,3.3778946651571995
117,-6.270925150940004,-13.466535124230774
118,24.326492597099747,-11.076088353115987
119,15.046498905513209,-8.35775907482484
120,27.32275529687925,-4.020288715697441
121,-1.6799700873344738,10.566951887296717
122,16.22861593467387,9.856237164398067
123,14.273221838826501,13.481310236751204
124,13.433326232446626,6.9822070831940835
125,9.570889722386806,1.229574684136479
126,-9.72245430231643,6.4724978224799985
127,11.057053082592184,9.6436416359052
128,15.828211519013058,8.155573880575925
129,10.738910074398333,5.236342391898762
130,22.96015464579347,-3.715398296381164
131,-1.0907662061488146,7.965259396541705
132,-1.1444976756300835,5.454674660194714
133,-0.8201707676226008,6.974793033955333
134,-15.907787090692048,-4.00394172651922
135,16.513102963009644,-8.924323485240611
136,-8.173535732765188,12.922178567811837
137,-17.254441739538315,3.3783940714636618
138,-0.6218975844173983,-10.237229172305048
139,-2.496324204262076,12.572747444376027
140,-18.365366223551103,0.14246233129149458
141,-22.683549589013683,-9.475390510829175
142,10.811514987410156,0.025763873312938085
143,17.43229078375008,-14.214633200949802
144,-3.573547078026478,2.5827058246459877
145,-21.35175447802933,-0.5572666464136934
146,21.453780444318895,8.089516454902896
147,-3.4806750784881455,14.626329882713144
148,23.360302897094485,-8.597841029565878
149,-14.380911397573307,11.565952349078808
150,15.809106899202357,-3.122737233582401
151,24.504602425384178,-4.103706254555096
152,-6.421088465257267,-14.484442235287958
153,-8.91694332972642,-1.9321278498233245
154,24.960340390606916,-9.845313315351582
155,-0.8569234624138451,11.480424034687346
156,-4.607285713850507,-17.471814125240833
157,25.039729941965714,-3.9256956523655315
158,18.37811799156994,3.5334107255909863
159,-4.741817203658828,-15.029196101859565
160,-5.763148137719584,14.161725347423305
161,19.607952023413457,15.317870028812024
162,-24.394790995369398,1.6677928370593018
163,18.417479407372504,6.644827076099621
164,-3.9038741115413016,13.516756749808325
165,-12.759106559814718,7.047024097225096
166,-6.411825497409816,17.472299065092667
167,-4.907632324531204,-11.609170949270155
168,-25.7602475070217,-6.290437455322469
169,13.40412030704632,0.14054198087802963
170,-9.101963307320757,-17.182490503815224
171,-14.839814344741075,-3.956765968317077
172,-23.41869833082064,-0.8456161573375227
173,21.57270307291338,-4.454345752714049
174,-22.433245029618032,1.503916333569725
175,-10.779707543053696,-4.864780127213308
176,-5.282765293193429,14.481590311607919
177,-8.128740166925878,-2.459315572922396
178,19.239908070360183,14.272561854504392
179,-11.541727741593668,-12.183753106428869
180,-14.927709799537537,-14.865848237306595
181,20.764663438653066,1.3136976191773733
182,-19.21042939065429,0.3755455235786512
183,-17.859780837229575,2.3387046835089453
184,-6.662339033775573,-9.251155197111169
185,-21.392571021206315,-11.35808823099193
186,-8.069715372935214,10.144787740882009
187,19.532268742407883,-2.0229307755806283
188,-6.064630168887422,4.03982262166813
189,9.948959891985371,11.599077717267715
190,17.782455097705114,3.627439581378657
191,-21.389475659664978,-9.74575113415183
192,-6.35710211557721,7.14920887696716
193,-15.038164018629269,7.9356973072503605
194,-3.8121008045373665,-9.82920052521754
195,-2.4357890952561103,-15.686373646778026
196,24.385042216866065,-10.706642358820677
197,-5.686993637616597,0.8095312194450133
198,-8.246362813482644,0.4465415573233614
199,-10.331435957443944,-12.80551533061839
200,-4.5041813130721975,7.843204282029686
201,-10.377835099805973,-2.4625665950245694
202,15.069149685544671,11.648746101954073
203,-5.842291967159694,6.943425140683721
204,-1.8989097853617383,-12.021784277450386
205,26.934798975567276,-5.362609618194908
206,15.427330518723716,2.123109498408928
207,14.493073367630126,5.039550482918582
208,-4.2833593959298,12.317870229864935
209,-26.32286059977031,6.863375064589455
210,19.417925493328653,2.6079431792973593
211,-10.81991951903196,10.61151413843205
212,-0.7128412377885671,-3.4567091222618043
213,-10.055200727890936,1.0190249467133916
214,-14.955403972925827,-2.0895926172442896
215,-4.051636785005244,16.144288455791568
216,19.41748671579495,13.54017437868234
217,-5.471195505159393,12.958507428858145
218,0.26083935219998017,-9.04263274829571
219,20.413113982106534,0.3919293215347528
220,11.813018633799922,8.632999235798806
221,-6.931066682937612,-18.954597256936836
222,-10.467116156552693,7.471303657958796
223,-18.99075191357273,-0.6275799268509243
224,12.033081865471914,9.418346020384355
225,-23.564910980199976,-8.258405903802275
226,17.770831922610196,4.924116251394946
227,14.406828493256981,8.633429656492215
228,24.72131373729198,11.074953325582207
229,-21.606316072481984,-6.866303440415262
230,-20.687231205075342,0.038041839865017586
231,16.2675662863984,2.3573516318513836
232,15.59300602286949,-11.421802140479526
233,-0.604958667466646,-8.231075019716501
234,-0.8373959857834656,11.564503983552822
235,10.790190218692256,-3.236984980643347
236,-6.296750478117308,-0.8603707900936896
237,-11.474799803013864,-12.547226712830883
238,-12.17245980476291,15.92159734703686
239,12.049088851830989,-8.614696290039262
240,16.749319611151236,-3.251668203782005
241,-20.70379083760322,2.8264109043452796
242,-21.450164773765316,-11.292215249399042
243,-6.242708025144485,10.690045616206092
244,-12.136539930844275,-5.930826297421277
245,17.778120845203635,0.8665672754856687
246,13.491562901963395,-1.9424015526026779
247,19.272897177448776,-3.901176296677262
248,16.05724424104073,-5.0479583018114855
249,19.16211644541447,0.1400230989385662
250,23.05905585960747,-0.2918607689366264
251,-24.47379128866924,5.746960453129525
252,8.07668766089197,5.105573937089049
253,-21.31005999593518,-8.730031198439113
254,18.67468458364712,-3.7468811185382127
255,-18.759566121038635,-12.656947323952116
256,-11.655579787921612,-2.084734761572529
257,-6.47385343789816,13.931199334059063
258,20.16591064407047,1.4271401581804797
259,-15.544010585141429,-16.00163108600601
260,-8.840059746843075,5.312045670709338
261,-10.273359531957428,4.833413463606418
262,14.22495866496634,8.734848990744984
263,-9.986020381496902,-20.14368483321287
264,16.767450142885238,6.49357447048152
265,24.25417697335308,2.9333756351935802
266,-12.890254256214108,-13.854523635111997
267,-1.1308795593760796,6.9059726769824525
268,20.58104952275148,-5.329124428212187
269,-5.387144569576114,-11.978233034635494
270,-6.101479823870752,14.070906360692106
271,-11.442695218026401,-9.85817661375128
272,25.12202157072013,-2.235338174335796
273,16.665339256196482,-4.6066856632052415
274,-18.525637876103815,-6.97729859491902
275,-24.99491297393315,2.1979186841433265
276,-7.212478832484449,-16.71584140483697
277,-13.931477400988852,-12.721636623096737
278,16.435885525807578,-2.925866276006359
279,-25.881778412091432,6.809194674204146
280,-7.874835362155115,15.80142334494839
281,-17.304638637205862,-1.866641858849581
282,22.776394904278746,9.8740691546078
283,-16.96520536952808,-8.621301631906876
284,15.262984074901935,-6.86262176287412
285,-3.1767737314415827,5.84886346988301
286,17.089855583443168,2.8729871281043127
287,18.296287713412028,2.870368561397842
288,-12.26020265501181,11.559466048853055
289,14.21126186688277,-11.766134629234452
290,14.846264470216092,7.848967901033305
291,18.564164713159613,-4.013356734957443
292,-6.546402691927733,1.6529148569290928
293,22.616242924315802,-3.504399571195121
294,-10.117908400904351,-10.373503515495045
295,26.021622648405682,-1.2483883600512464
296,-2.478091743258918,-6.827092493847839
297,-21.648141259267025,-2.135842146400274
298,-4.292358009180228,10.417701237546554
299,16.221534089203733,-14.143002129722392
300,-1.3644458838686888,8.191759217434772
301,-6.524036500202999,4.774696573381893
302,17.340216648543198,-5.140484632443718
303,17.187906308532693,-11.229053298277321
304,-5.03267039233886,12.877965820451564
305,22.066275359246283,1.6544082345454798
306,-1.4497991128099914,5.344854036057487
307,19.915727240253666,0.14854845077025258
308,25.09988160581243,4.264485904481728
309,23.53680495729915,2.991263960091735
310,17.869335651796618,2.2664642389614644
311,-17.18750586488721,-9.161888128852878
312,22.70033074768529,14.074024208845563
313,-7.831988127031712,-12.170415954632016
314,28.623940159216243,-5.696375255623487
315,15.620303422323481,7.215689096209651
316,24.708591632736507,12.007799619064404
317,-18.951247078798087,-4.050212410794776
318,9.899043541081744,10.105496331131196
319,-12.642793157595019,-6.76688914141904
320,-2.7970600805892016,3.833220448126861
321,-6.421452454455453,-2.4635191957195386
322,-9.852150194440057,8.118935666701775
323,-12.501614533646666,-6.936768922244895
324,-21.389157586908922,-9.74161355085467
325,10.530551357387516,9.162368391164833
326,-17.89628677504626,9.616107349407228
327,15.225832580093224,-1.688095907037297
328,-2.0012535418432384,16.16493422348128
329,18.182190440515143,7.476134313742018
330,17.109483118094094,-6.481069628965798
331,20.648761702326105,7.282089642987843
332,-9.71582763659546,-9.924184258700194
333,17.66268538716862,-13.665855001238144
334,1.2614978372330776,-9.382687589304549
335,-9.835649359025075,-19.802540041084626
336,-1.0683815449015717,-5.1528778822441925
337,-2.0199006846337313,-6.67480077563369
338,-6.981839440823974,7.424432832363923
339,-15.665255858459254,-2.742728233456758
340,0.7676433003602715,-3.0435428161112608
341,27.288741884185622,5.037614953982309
342,-4.270725175999617,-6.585574622238306
343,-22.94837248504979,0.20910552058964166
344,-16.030547814575186,10.194431870688486
345,18.391873059741055,7.6229527834394135
346,20.779445109187833,7.277681727382624
347,19.696921262146773,-11.617235082068728
348,11.359387626985244,8.130988809830999
349,-9.599659186842478,16.550541760850702
350,15.245714693239362,-7.29096130239385
351,-2.3107411787754852,-0.6981039164304225
352,-20.43053845712087,-2.311539906197492
353,-5.520233172671231,4.995672583128874
354,-18.132845858492768,10.598165853870169
355,14.239176916691896,2.430570648995712
356,22.131556666775165,11.164632967654423
357,18.77326828630493,-13.858750241499425
358,-2.5090327266825927,-3.3576499461465823
359,9.139639482307594,6.819587160712694
360,8.512584046066555,7.732812867150701
361,18.309495065211234,-9.610098449438375
362,13.452096371940895,5.589769050806464
363,-22.329350049037792,-11.61354076335829
364,-7.661593690950625,12.27700528233278
365,10.506336996529063,6.664590552893537
366,-6.335009669611763,4.699356630590207
367,9.67138889642691,5.731899580090907
368,17.543438250191574,-7.665501930714052
369,13.965711158786645,-12.047933830338092
370,23.460868583525794,1.5732648104614735
371,23.789198797804573,5.905916123591998
372,-6.007906110047065,-18.73655922284944
373,20.812514023061173,0.7963577880439846
374,-14.127950924987587,-3.5822048682734984
375,-5.149335965237998,-12.948759364876988
376,12.133631879609826,-7.721955391244927
377,9.541624167636162,4.438484018237135
378,-8.403297302715178,14.801447031807353
379,-8.499997757448659,-16.81111484322696
380,11.758744125777143,-5.449344485321108
381,16.626527460737353,10.425485466110205
382,20.423308551496604,0.305983964234275
383,17.148472276225846,10.442575990025059
384,-11.649964053064817,6.0741232233446665
385,-24.402517836326233,-10.793515963042397
386,-16.445359114304352,9.20348184157277
387,14.464461250051293,0.021236173712469112
388,-4.592772357478121,1.7845280445743932
389,-14.569792096841933,5.487265132414825
390,-17.203338185235555,13.00901336212193
391,13.229476396127826,-3.0542750547550854
392,-2.0479808979924656,16.13754930475842
393,-14.343428907840494,-0.249517489049722
394,-16.900125445496766,-0.9372663683731661
395,15.21589845204248,-10.964325296694128
396,12.717552997082965,7.379943540818812
397,-7.175318522587713,7.430117010500584
398,22.7100223644758,6.881411131970855
399,-22.29696163025283,-1.3926249041117267
400,-7.260808528565022,13.627000853798247
401,-10.308006372065227,1.888950025409004
402,-9.867240053782199,-7.7445185669174474
403,-24.126445713083605,2.9685671545495893
404,17.624238974989215,-13.07562386091457
405,-1.5767125649299567,-4.678647921907695
406,-15.17582686345582,9.089340110960059
407,18.69796410849337,-7.527125009658919
408,-9.422539620660237,11.088672410738225
409,-11.575900182072232,-2.4574308529883733
410,-28.813313132158225,2.4884291608392655
411,-11.455025866834502,-17.602148087581572
412,-21.158162553834384,-1.5842160165539367
413,-18.612498517545973,-14.270071792392205
414,-4.331991441615972,10.309347375856671
415,-7.409994671057117,-0.3346252770529225
416,13.996135819603147,-11.908389730076092
417,-22.167137487455573,-0.7313338735597743
418,23.67118188083814,3.6275366257809987
419,17.208736204475493,-4.189636102342295
420,9.793414930136171,10.006177569094152
421,25.79966775953157,-1.1483802617850667
422,-0.0635146881149084,2.777936289405535
423,26.802229147520592,4.890892572985915
424,-15.73518256120854,-6.59563352722588
425,-9.194442683940363,-10.834097434442967
426,18.877432773853773,-3.796568190047593
427,-7.654936167667225,-0.09918374264924301
428,14.466656265694583,-11.468289652374247
429,-12.662160652472533,-3.995618427612549
430,10.228580582992961,2.97280029721027
431,-4.450106734747427,-6.5170524343990035
432,-2.548786615537185,-2.6506008732716952
433,-22.66872936447037,-4.266282078977477
434,-9.643147227376694,-14.383038255259141
435,25.646870620454436,-3.2947544896460625
436,-14.525136554141273,9.268464659724248
437,15.862854405729426,-7.444608655958628
438,19.909192659470566,13.44900660018943
439,24.09333470879044,-6.751779579960405
440,-14.244255556513313,1.1377967404365283
441,-9.53020102492565,-0.959346217173878
442,13.257627905288816,-2.6397197112132655
443,-26.790026771011224,7.275507913959852
444,-6.770628814898031,-13.354586157390045
445,-7.167762449012283,-13.203594370716727
446,-5.356806430044423,-11.75932706083634
447,21.4497218150502,-8.543799167659845
448,28.179138833381195,-6.151967447268391
449,-8.155993972674834,-14.161788931500675
450,20.589439238000395,14.416948770996003
451,-14.916134001020563,10.54077204108547
452,17.605735258753608,-5.414038282329239
453,15.978593337698921,5.8025136910364346
454,17.823887387834684,-13.896700762984558
455,20.90400384893686,-11.679762132632582
456,29.201192112049398,-3.963204998064636
457,-18.75217548757163,10.221157340331144
458,-11.016368935526208,-2.884452712691465
459,9.437252415932322,4.948852343882256
460,-26.083915682519436,7.984543713143078
461,9.754473463815996,-0.6105470387423023
462,-16.328257747789646,10.48877215230885
463,18.78221739928455,15.675921282353613
464,-3.6638336199006565,9.50971302106188
465,-16.840276654228276,11.214101307952784
466,-16.470105211367724,11.312799418987327
467,-6.284251614882632,-16.49414963105711
468,1.047828895940208,5.230266335765075
469,8.765395997501644,7.156250954253625
470,12.982437141912024,-3.5234343308548524
471,-9.871184292186399,-7.9711110434185395
472,21.05223320516857,11.756945262692478
473,-18.72960954918656,-7.048189544547198
474,-19.97108046443512,-2.9526045027468966
475,-19.436046423141118,12.602971478381237
476,15.933064470815042,1.5016079323712637
477,-19.71767053829759,-7.3305051878693375
478,-2.635869655279109,-11.971326817929635
479,-4.283972374648495,-11.564316284556535
480,-16.60412527639009,-0.32284867958768076
481,28.34361557418361,1.2254758794187297
482,-21.116273240221048,-13.045206922523395
483,-10.6819096970487,0.9120838015285185
484,27.418109247916178,-5.767013209744315
485,-9.611501293485754,13.399509403092585
486,1.0302100539987193,-6.586352285997049
487,-20.35255356287423,8.029879550486353
488,-11.515781719110318,5.532195207244297
489,-26.219798709452032,5.298262977809792
490,8.754889842468748,2.8773500988466627
491,-10.11066374384402,2.216296506426648
492,9.62549056784502,0.8031256916333541
493,-9.371745417270603,-15.366918068659922
494,0.8829370294206494,-9.548985234196682
495,-18.025278458173705,-9.981347412023222
496,21.850610057929703,8.799642402624361
497,18.596308828401607,1.1499530521269405
498,-18.204399000285786,-10.501755916026182
499,-12.326913106719555,-3.981325715861829
500,-13.160182088903223,-12.842062168069011
501,-7.924238371504361,-18.77252509649586
502,0.03932338032373381,-3.2014615661050625
503,-13.702865123441585,-10.582346196179609
504,-21.69502154047003,-11.741878090960352
505,-14.376808306840099,11.756438353977648
506,-19.431179625444365,-9.360928935073584
507,-3.425520468038035,-7.100460027113063
508,-22.54738080720426,-0.3189944272760924
509,-21.073972624476422,-5.45917375889378
510,20.83104258426978,9.310206880948503
511,-9.468889238673825,-15.423994831672463
512,14.446457247596399,-0.284067286587428
513,11.86465017611911,8.492606396954839
514,14.932454121360175,4.353754689069356
515,23.81470932525027,-6.743915768435658
516,20.67021353313946,14.055592971228384
517,-16.474500781427245,11.4147425306437
518,25.180640816349396,7.907541962245095
519,-13.516022423973864,-13.265433949277615
520,-13.85227309427159,6.020716911919854
521,-0.44325350732041385,6.112055543651415
522,-12.985428902184458,-13.900063616040253
523,-0.2470667626448774,-6.02228649463926
524,15.265370942418787,-10.86710771518018
525,-15.186800264205274,10.827232600140878
526,-9.483914169239684,-0.9327817202689433
527,-19.267382433516033,-7.854054753155713
528,-2.1684255199064375,-6.23813828136385
529,-26.488432641661714,-6.22701752015545
530,-18.499504599745233,0.8967042209591795
531,-7.9995261800887265,-14.674598637280372
532,12.023917360181418,8.847307006109334
533,-18.409144473709883,0.8140365041619764
534,18.92031786282685,14.672686693685536
535,-7.8873214924035935,-5.339739337095455
536,-18.819289309764496,-14.435696376658798
537,-7.787400822793846,-18.71254229893483
538,16.807754819151842,11.016605209938906
539,-23.557835620833234,-7.377659361600014
540,-7.281138154274115,-10.04328312323017
541,-1.5473375753564833,14.554342525246566
542,-0.7722461439724903,1.6408665194461414
543,19.015110842205544,13.145599155225296
544,-19.09895844919947,5.849145740973904
545,9.23297375746093,2.1596359164251018
546,-9.240869294759014,-9.326787521274962
547,12.994854851452988,-1.125012849060233
548,8.241192093619746,1.971632216394223
549,-12.88992524787476,-12.143322078457809
550,-7.628479408251993,1.098046929753176
551,21.93936337992196,-10.886137689769999
552,-10.729590609888227,-14.673703782206093
553,16.917661874664965,-7.487316324927279
554,-0.7493573271978395,-4.331859861089486
555,-3.2668456091152893,5.746913743825109
556,-0.6383792332760234,-8.841437282254635
557,-8.653763153784748,-15.289055671062247
558,-15.315578806726963,-5.181983709902511
559,-20.908758273920917,7.576735261337011
560,15.973881584443017,-5.23775034718292
561,-5.591258270776262,-10.399960649372098
562,17.292695908818757,-7.368117339660435
563,21.14807589824753,-6.499684132800202
564,-19.10979494364208,12.550913431043806
565,9.737976537402082,1.9608406158968847
566,19.460544295320126,9.79076167025259
567,18.40595609065545,3.523006380423704
568,-22.966775594421804,-7.5028760904911405
569,15.98301297404893,-10.039479531330665
570,21.694120312700285,0.6559581848915391
571,21.794790696545736,6.230595669873907
572,0.885068310056694,5.10210988729808
573,17.22547954740277,0.5840669778949672
574,16.163205626127706,-0.2851729888211237
575,13.91048908098865,-10.523922743864835
576,15.998648526435675,-7.323452923933921
577,-16.766700609766804,-2.585356260740204
578,10.650832872425239,6.841497777349036
579,-11.439982121054017,-11.390109129018448
580,-3.281349211403091,17.934138829183894
581,16.76380857228294,1.9555955784755397
582,-12.3650181957709,-11.579465743834271
583,-12.454718615434423,-8.239574652002334
584,27.326343081030963,4.3898246475589096
585,-11.516371221681778,-1.5904740843165097
586,-18.142610042329363,-10.344739082393604
587,-12.249018641778154,5.091036054271136
588,-13.02255753083359,7.999673305071868
589,14.50884835393097,-10.325318381756908
590,0.8790252242940827,-6.4393785318401395
591,-5.086554288264944,11.794089626925661
592,16.691471549747565,0.4744290559936104
593,-3.6358075618040613,-6.843744016590197
594,-15.074285727271311,8.660119228789467
595,-12.89659646045273,-0.13038297132163473
596,-24.32845882551528,-0.201344944932304
597,-8.670856936715726,-2.8829672818308496
598,22.020037728009612,-1.2012335617541228
599,17.00039406974078,-1.8994806797927044
600,-7.62070753430848,-9.860110585398244
601,10.616262298475151,9.803666812434866
602,14.051592379811543,1.006601396045459
603,14.892744679023314,0.3730798611509472
604,-10.199563088070542,6.317179179012238
605,-10.181333340973218,-9.631302891540113
606,16.35482530111713,-5.010150328659238
607,-8.9639978790216,-1.27568866884667
608,-8.295518997408692,-9.62317724640971
609,11.856570392208521,-9.823021757348446
610,8.144341395099833,6.148485668677776
611,8.524988123744885,3.14956045313151
612,14.30553830935635,-6.551888508426573
613,19.896475206665936,-7.649121836076958
614,-8.061845560506695,1.170953468687027
615,-22.971216905498512,0.9861621410145779
616,-1.3270522927082093,12.597210649854995
617,25.921191714306314,-1.3308804724833674
618,-7.854498182213241,-15.738344470164925
619,13.239078726077315,2.8913464229958645
620,-5.852053103098098,-6.752931815838315
621,-1.7758586231417524,-7.9049747509256685
622,-11.939488855473204,12.287259430908765
623,-12.102598485771546,5.648507948826477
624,19.91878680987949,-9.191260956879974
625,-9.701695554024989,2.3268889979944842
626,-5.414444223075976,-8.985561093813777
627,-4.572601300896611,-3.838989767800074
628,8.244175277213008,6.031309174749958
629,-20.056827549027947,-1.015742257690315
630,-23.84896830145047,2.7659671136889745
631,-15.12680102200087,-4.825440542074416
632,23.06176558981294,9.543006745235946
633,-17.657688251116163,-1.2048119580329906
634,-17.087430607503617,-10.4933058247958
635,-18.037369379244186,-13.243982816227355
636,25.076078772104147,10.867121395774053
637,-22.176054200778896,-8.018098399104481
638,-21.386354617445292,-8.348950882238542
639,-28.773300426062775,2.237230422462867
640,-5.235308974601336,-16.750054982696
641,26.718029322503142,-1.3976430946982232
642,-14.077890986187565,8.476701674674779
643,-3.2853316112398674,17.639860874037776
644,-15.53116632148628,-10.702472500025179
645,19.25628447719977,1.5388177303944228
646,-5.94303437142088,12.965676993504353
647,22.22604682595861,-9.756440986229023
648,-21.33121800200686,-5.595941826557022
649,-16.921740296768093,7.413813396609112
650,23.23088465762494,5.716508985365773
651,17.808017042163804,6.029641671112734
652,-19.284185115306734,-3.8086793511856767
653,12.683273538034197,10.36421703609363
654,-6.14352442339846,7.881441192660337
655,19.424817704198446,0.016851356042345264
656,-22.691204274581175,5.731971414722825
657,19.035917401468485,-8.554448993262092
658,23.142858479891412,0.11783412774512265
659,-18.924562914297834,-1.9790320036812545
660,10.816511428270077,-2.362572408753557
661,-15.188538580039745,12.679325836828665
662,-6.115978566142171,-7.753889255613574
663,19.763614222960033,-0.3885062425201562
664,-10.998818039919135,-13.766376409064573
665,-11.255024792902576,-13.837270195256615
666,-14.435506528456115,-5.307501025965624
667,-11.454006699280907,-4.7435374620960635
668,10.753709382115053,5.982045863789928
669,-9.088369312245492,-17.36654077550446
670,17.285071545753663,0.17715276201621488
671,-10.871716471998802,10.852829131787486
672,-19.390238242090394,-1.4796996581313664
673,-15.62609598487477,-16.090523556865275
674,-12.242746232779819,-10.15967182637099
675,-8.134005264854366,2.514024181296627
676,-12.801353398839233,-1.3282063697901312
677,-14.042277782975686,10.244695076682971
678,-24.14384247876799,1.1635369308246128
679,-26.265757660247825,1.9504772163009447
680,16.457676973825436,-12.368255626083805
681,-9.985105646931839,-12.176742478922478
682,17.964420415300754,-5.899346114473943
683,24.019976354054695,-0.05971990546733705
684,-0.8916932598360949,7.545846683092222
685,-5.5872476450116295,-17.877382543337728
686,-17.963160772095353,-2.9815259083178445
687,-10.888289937544934,-15.63022596847373
688,-3.684647954488403,15.11634727215796
689,-21.58846291138465,-2.0168336360334838
690,22.73591361413452,0.4243795642882308
691,16.361750596256783,-8.011686591611186
692,-17.168781910426276,14.18987333145753
693,25.174618571139916,-11.168549774305129
694,-13.651427687809065,10.651214766395332
695,-6.378990135124162,-6.735582980617764
696,-6.782768553055347,17.266251025538896
697,-13.391678364412376,9.4901626056423
698,-14.184150815751543,11.149353053067095
699,-7.319022347739319,-3.4754140170086143
700,-18.10034033523663,-10.131123582840265
701,27.5420497297458,-4.9228760451949265
702,-7.494265582001719,0.9913813452480542
703,16.210024606666302,13.19446726314753
704,23.889597929443546,6.284655897511094
705,20.37566117140824,-9.300717655862258
706,-12.561869296831166,-6.118495882722272
707,-8.555927537325761,-16.518878291641204
708,0.04613258427888746,-3.2113547752796623
709,-21.193895436832555,-13.557414941945533
710,-9.453116709672004,7.489850333185111
711,-1.0321061702616867,-12.298142393098503
712,-8.927092800419347,-9.397219063857534
713,24.675621549338995,-7.034479613237408
714,-19.677790427766343,-2.910089347551428
715,-24.429927877036146,3.38036474007072
716,-4.457712391195649,16.09207905471166
717,-7.3301257498542975,-18.55800021267559
718,-10.373482298137471,-10.541520541075336
719,-13.598617788433497,-6.805029313298581
720,-22.472768317114408,-11.41349048152692
721,-11.156282193415418,-14.223488261915687
722,15.520667590590659,-9.86013487842568
723,-22.216907246628452,-11.98573419378644
724,-17.287180805718616,3.279979315290104
725,-13.022801073223267,-12.638611792230071
726,-3.6778829247601537,10.341861545451653
727,-18.821792822515906,-9.850082661978588
728,17.544353360908673,-8.042548459250126
729,-11.10731727277984,3.9504348562226332
730,-23.25888696791021,-11.471584083495998
731,-7.75587164036957,-5.437831459091546
732,19.016016275874556,1.8706746720859218
733,-6.885198220047794,-11.524095718654323
734,11.887675174199593,-0.45392968611491685
735,-6.442093324072251,12.325954744344104
736,-20.023489391797792,-10.627441779300394
737,21.42327429458237,-7.330640710543178
738,-8.40244412660445,-13.460756352664792
739,-12.77259311706031,7.023308017307669
740,-10.731491079002065,-12.887771061840644
741,-20.093813660857872,-10.57333040534705
742,-13.523899845505456,6.264326495487452
743,-21.611247504443526,-1.8488601177246486
744,17.916281065401716,-8.867995292373976
745,-22.814135094676224,-4.238574254807899
746,11.85256536088331,-5.391556234168455
747,18.703070930600507,-13.546693725574084
748,-23.606417371547042,-5.737897264337776
749,13.160956256835806,8.544175500191423
750,19.79683539833904,7.781001982906905
751,-12.05670044856919,6.402879719336212
752,-17.93882807528033,10.536002764486486
753,24.044156553508152,-2.01171177583863
754,-25.30357312465597,-9.871550207139364
755,24.650497363929293,5.156039630119314
756,-10.071749903074867,16.893969835972047
757,14.38911507323403,-9.683390304259976
758,13.928177557237236,4.603142370092557
759,-3.1426484597125635,-4.3689530776484435
760,13.401658177317163,8.560195224518838
761,-22.89503860252329,-12.068981657733945
762,-6.632991889549093,-12.278329335019421
763,-14.48536397870992,-13.811110146218452
764,-11.59383645594315,8.542224688277111
765,-7.816481926716866,-11.46831309496593
766,-0.26652243368843753,-12.740305827530644
767,-17.346885801394944,8.969727228108578
768,24.368563213449132,3.531057629343683
769,-13.560962837936298,-11.09922405165742
770,-18.43106051363971,-1.509621104522708
771,-3.4369649779681,-6.321900079250811
772,-18.06050003566772,-2.0308040910223184
773,21.34901829192188,6.855535476102743
774,-16.088527308454687,3.9650737790999635
775,-7.679705578932311,-2.030213366102098
776,-3.6435587765602047,-11.863386123713248
777,16.301301225447176,4.715501029634068
778,-10.240321226757041,1.4149495388177002
779,-16.13345753190066,-6.616302978214761
780,-5.831548163063838,9.688887891416604
781,-14.129484511116237,11.406612702897084
782,-13.91336074268755,1.932583778410933
783,-7.966201011241862,-7.4767693166040345
784,-6.073269670177271,10.648160409512922
785,-15.364019276551213,6.35196520742295
786,18.75318705013569,15.588518296357568
787,13.036929497874317,5.590596634557249
788,-3.6071486595459943,14.767949390000739
789,21.489613471678727,-11.348838689075144
790,-9.732416735136091,-7.667605786937815
791,-3.931827417831695,11.116109783550256
792,-6.060085347361761,1.020135296924081
793,19.62315568860946,-6.604848578895904
794,13.491291815338426,4.315470876864231
795,13.471562609174308,-1.8909239015561818
796,-18.845941416345642,13.022677825373398
797,-22.032527080648453,0.5928879567998929
798,-22.19384822913361,-12.300214773280885
799,-9.453796974064966,-5.950480589948027
800,-4.016508590987218,-1.9551257002522986
801,11.957461032504574,-6.539309136026987
802,-0.9825932632809812,7.495663031170182
803,24.083929577234063,4.264965998980533
804,23.173648878237874,6.886790850547667
805,24.44844643973209,0.4428211341382387
806,17.39803816863835,-8.378786389852463
807,22.897900915463282,2.1129575200238513
808,0.6371703655283016,-4.311462972613675
809,-1.4235421165207667,0.9900084916045687
810,-5.6189035944727435,9.431733640597772
811,25.41656292042828,-11.559902454738207
812,-5.853106897284845,12.920029165952405
813,-5.021601158725871,12.5007114635195
814,15.58104815251233,6.122916022864463
815,-0.48781524230970874,-6.850861041693642
816,-15.403753333085309,7.134862866158114
817,20.41891826574122,11.997580333162768
818,17.668801118158427,-13.69413955077265
819,-2.10927802973243,2.651552817826804
820,-26.208504694826427,6.962464405020682
821,-12.472956181535798,5.718734487790938
822,-6.946024125937347,-15.379854365552651
823,14.264245082002114,-5.493247780176446
824,14.85540200959518,7.242481689341016
825,19.080877506031836,7.474201356300245
826,-10.393310324782908,-0.5454251464141944
827,-18.907818886643156,2.609379280033312
828,21.815450581169134,11.909638101362265
829,-8.241060640964841,-11.586292154413707
830,-20.443596745050364,-12.665897868343356
831,23.98803194371984,-3.9593635709562935
832,9.599331573928023,7.275387275507483
833,29.249373445262822,-3.9217891540166434
834,-2.293963887999471,-8.733090358469195
835,-16.59508151406441,12.65931425002528
836,18.789273482188516,2.7652112024113733
837,-0.8086129544868635,2.330871246315889
838,-11.414294752982025,-12.434929509630292
839,8.566056193990109,3.474741766903168
840,-1.4410497435185567,0.9117172681767546
841,13.751903277943837,12.670736464879933
842,21.03774898492201,-4.72803553421694
843,20.112033939737238,14.09140178840638
844,-21.42858307780547,12.544556966447756
845,20.231987322748996,7.056384816733516
846,-6.932625987956871,10.29407912113508
847,10.087941195077978,0.9288178652915728
848,-4.780666430764075,-3.0004045843690297
849,12.812093235459196,-4.430447795576922
850,23.772591533217316,-5.126527771305018
851,-11.089832335559306,-14.455533483866411
852,-18.485312346017277,5.947803754254122
853,-14.472562116351572,-14.269878816381443
854,-14.025985523367114,-4.407209623101361
855,-23.17408214071687,7.385461138458098
856,23.3009397003829,7.115622555752096
857,14.639153118847005,-5.6289000703967735
858,-7.977483861621126,10.423692033191115
859,-6.473665239277512,-5.103142877618051
860,25.740803561325265,0.7803759982734911
861,13.34811367848375,-7.219861858497113
862,13.926928777526188,-4.745296057439423
863,0.005894224031534917,-9.710078869768063
864,-9.146800766356439,-7.826645034870613
865,-0.1646566551469816,-8.054028527944983
866,20.22297497276611,-9.207801009127566
867,20.66776602964144,9.779592925541495
868,-16.88814495164565,10.358387572560403
869,20.249875557918543,-12.356277126002531
870,17.95119093364314,15.257623279645205
871,-8.838206664069435,-17.920292509581
872,-8.754253207387112,-14.73276892971184
873,-8.336129501030856,0.8100740655537494
874,-6.962680855475762,-7.849532566332498
875,-10.62996781650472,10.230946395048434
876,10.222719848743198,4.718562235685484
877,12.343045784432407,-9.985541025331468
878,13.103935217132255,12.260761356547167
879,-7.67499455651552,-7.696341330038559
880,-17.441464527963337,8.605260068401128
881,-8.2961617563177,7.100984810292306
882,24.19824988204429,-9.1304932496155
883,-2.1298213630534746,8.309969968844063
884,-3.8025106946520806,11.96392744141733
885,-0.605032970511108,10.769473149815996
886,14.62610366308054,5.952543464647317
887,22.74296404040663,11.749050571129025
888,15.385898876280889,-9.504798296495759
889,-5.462770178021517,15.278489400822323
890,-14.219140724357256,4.372481870135097
891,18.904687461358353,15.242669608585258
892,-11.717427534561068,1.2657769233154956
893,20.810459654566277,-0.7478428658816048
894,-9.570389871428038,6.768810538046553
895,19.044636430942454,12.067975804113857
896,21.84747340087069,8.89538687164012
897,-6.444348526690219,18.144805358998525
898,21.08541343165209,12.786578122944947
899,-19.791190171074252,7.6132641572112565
900,-6.781494209748513,-1.0240281959418167
901,-4.839096107175144,-4.182166361599895
902,20.221744968250945,-2.18180244372206
903,-5.414881744178164,-2.7221659217632332
904,25.40615479150229,-3.6302094352990073
905,-11.228134988457828,2.062639233957335
906,-1.9220097640121694,14.246079088929664
907,24.347437697435762,-0.1486363200081641
908,-1.2322443999320762,14.904755043758051
909,-1.5257909856360428,12.835612231214924
910,-24.236545813226204,-0.4303820058579054
911,-9.561727303571363,1.638278972558508
912,13.600525246459723,-4.248491670388525
913,-23.571169527904793,-7.81299479385503
914,-4.812094758210038,13.69701185898714
915,19.69313599487646,13.996246280429197
916,-3.604969912533021,14.434793086397885
917,25.534327282033036,3.307816538577928
918,-29.225441357764467,2.142417952494007
919,19.692484448884365,16.24530921354437
920,14.173309128821995,-11.795049705082285
921,0.15724119881329376,-9.316354335039653
922,17.752297514322535,4.251939938904087
923,-7.4448954865265495,-1.9097627834583377
924,21.6385972580626,12.808186519054301
925,21.96619613222898,9.07313132221174
926,-2.8436080684776743,17.753802642417607
927,-21.595757430028563,-7.714461107141988
928,14.323808268527578,-7.561140539047398
929,-3.7057566219083946,-13.341570388016187
930,22.99043988618888,-3.5243128513914943
931,-24.073212655696327,-6.734302889411838
932,15.406147271246343,6.4003783590813805
933,-3.179449372047015,-3.564414810312654
934,24.61482003396174,4.424170945885003
935,15.430351922479817,-6.156355889765186
936,11.776927223750887,5.512552459377988
937,20.73726840695687,9.520497139119055
938,17.846931816835824,12.999501921151987
939,-8.633168895169291,5.380964465742601
940,-9.536373156628244,-14.23685360437
941,-10.367299252546358,6.946735125585658
942,-15.764081538109,13.761108170866141
943,-15.095486811061766,0.9097370227566397
944,-6.242691870135547,4.973159493815967
945,-8.206290366724083,12.534118400481711
946,-1.5515445486722825,-8.85405343152382
947,-2.9612418083970997,-10.713499580021091
948,-21.828354507420777,0.7998969237616146
949,-24.279725406826525,8.068526840901347
950,-19.096540901704472,7.567307904889502
951,19.96849025654199,-6.668364907078182
952,-5.230199654599906,-16.721583156479504
953,-21.1925900582115,-10.75965075726418
954,-14.846362129229076,-4.31211923886061
955,-9.460867380182204,11.028268826509533
956,-11.739413636974318,6.890218156868411
957,-1.497870483129336,7.468788238046755
958,-18.48546713315718,-8.111551515976371
959,14.50004934206534,8.566936166000444
960,-4.763148976987444,-3.3849593184952704
961,-1.386349008720867,1.2400165493738617
962,15.275961686191012,-0.9679354972928655
963,10.993345868634057,-1.7201217805553817
964,17.63902939219097,8.34201231757299
965,-4.142881774919563,-10.654555641046892
966,-0.25680949715189283,-1.7354210478095247
967,-9.88064796077743,14.489046948975757
968,-21.12968147509884,12.02494316967423
969,-18.677237081232825,11.234944068465166
970,20.567464957832446,14.705690691493597
971,-9.696275402649913,-18.77135571794504
972,10.456722846523148,6.562339042150536
973,-25.754609373238548,5.94135164262233
974,-18.554864762009945,13.454892716202043
975,-18.525801912436158,-9.109374776378923
976,18.92201354537551,15.35697540659324
977,-6.714651196413392,13.096995661165792
978,-9.75080781116666,2.9855964462410345
979,25.64145016417354,-9.235501122621452
980,-20.89374631232613,2.625023542983433
981,16.938625645397078,-1.5049738965085033
982,-7.83618852695866,-1.8282730490426338
983,-12.153578700087335,9.300093421818945
984,-11.199285391715673,-1.522952329550581
985,-23.657912941353082,4.1094082462020305
986,-0.08547324635054274,-11.615457694697513
987,19.7585750101061,14.377649627275279
988,14.85939222945611,-9.666867691449722
989,19.650498705544532,-3.823572275772634
990,-13.052578049419049,-1.6455993616200137
991,25.92295844788121,4.863701168877935
992,-13.58715960552195,2.363305792384124
993,-20.432878929275414,6.148280891763185
994,-21.54347915627738,12.348036400530514
995,-6.9420810357682186,-13.709552467245436
996,-24.50729826414194,8.712719990466635
997,-17.535300503257247,2.156153243154355
998,-16.97465971170884,3.7441434397586604
999,-1.0517923163065377,-4.807558892669188
1000,-17.565025397191228,-1.0261939678064294
1001,13.636358564100021,7.376950141289868
1002,15.206505517367203,-9.387405116353452
1003,-6.141158970915177,-8.992761668706402
1004,-20.304432875016936,2.77021821424003
1005,23.60485470186846,9.535741636186756
1006,-10.439216680400222,-10.578416789503212
1007,20.911625567518836,14.968852953481537
1008,28.118037614005384,-6.351980195221426
1009,20.884767454474314,11.758804337388167
1010,18.08160870029238,3.2692123078649096
1011,23.61996800765711,6.1060645883392155
1012,-17.585759227986472,12.13938248193885
1013,16.97521437706003,10.888526314320394
1014,-3.409103201654459,2.606655461243619
1015,15.979247627580584,8.138906435372315
1016,-3.944892581683414,-7.542601201507834
1017,17.2910833938121,-9.673355244530857
1018,12.381855761951314,7.176086471204231
1019,0.4297793000083612,-7.047686425722019
1020,12.287333661584222,-0.18227572120006566
1021,20.336641929603655,-11.180328933960547
1022,-8.455554547333188,14.974258890276143
1023,-12.246786003498457,15.81831333750157
1024,18.88116750761986,13.95939628844833
1025,-19.359579829544945,3.4410654783314323
1026,24.369154684439238,6.9033799106645475
1027,25.16137173843267,6.857849366859437
1028,20.68440141138979,-5.7105651521485505
1029,17.261307002789025,3.7715995424443305
1030,-17.12742468609589,-2.4118927545138016
1031,21.4395446654695,3.7605592325877724
1032,23.379893090053486,-0.013925548599229672
1033,-15.071545717983597,-2.171575912448225
1034,27.897262296290396,-4.209272391593878
1035,-2.7936401136495994,17.799010610703835
1036,-11.469682690077075,-2.029813894015505
1037,-3.8716960973165153,11.909556141537921
1038,-13.509378933116475,3.9088219680171776
1039,18.679887015186416,6.340941072735177
1040,-8.693565689226585,-16.516010231126177
1041,-21.888103564817442,-6.075454888807786
1042,22.478856491030974,0.8284317185913915
1043,-15.478362318655236,11.680406922286068
1044,-19.362064770833424,-6.7289676287481
1045,-17.71607473844831,-12.65357382946373
1046,-19.251250244290933,-12.809345907288947
1047,-24.430092677892272,4.704810123405376
1048,-17.821547997061632,-0.7283730663599454
1049,-7.004937228098342,-15.365653875466045
1050,-1.7870479230095002,-8.190556728210938
1051,20.49485712597485,1.8337869816652668
1052,-22.058834979832707,-11.903971515092838
1053,-22.457381311294878,-4.506110348894214
1054,18.035285874147352,15.536794077132805
1055,21.811798864099764,10.568285384856274
1056,-22.84125923456914,-9.581082676150846
1057,-5.221665483553922,14.833476267142176
1058,-13.93842754488078,-11.997327399204663
1059,-10.617023952297261,7.249831387533542
1060,-6.117757477942062,17.412230190053535
1061,-20.510899494666294,9.11524050837389
1062,-15.26395853962298,12.69321120109991
1063,-10.834659599749584,4.298460522136823
1064,-2.342735335826252,2.4930575248136133
1065,-12.8885591318924,3.8372466214895393
1066,-4.777609589604798,-16.747532533000786
1067,15.922346684929924,-6.586994826280095
1068,-9.723932615969835,-11.367515731870194
1069,-20.95479015065337,2.5401833860235206
1070,25.549719230811384,-11.243090961178579
1071,-10.402937902392063,8.611798760921328
1072,-2.2098366411265227,-15.522535924778202
1073,16.418744303912497,-12.282080531299462
1074,-14.895090331378576,-4.412179661291751
1075,24.838990220821813,4.2345129540033275
1076,23.90397332897335,-9.116947948220206
1077,-7.30745709975245,-16.584411834257317
1078,26.64079454609013,-1.6874310886109511
1079,20.791363304783236,-0.7142911058599287
1080,-6.38299042685554,2.1569006363822343
1081,-18.868899081250888,-2.029391911451781
1082,-11.27729981883087,2.180843662799999
1083,-10.875758063839863,-7.949441108372201
1084,23.966807128245303,11.792870447890696
1085,-9.568433816444834,4.7212402235962445
1086,21.619016803627094,7.900895660600246
1087,24.73055593303188,6.7218058311323015
1088,-11.387635927281591,-17.199819063598135
1089,-24.66450848989664,6.71877143668301
1090,-17.648539807334412,11.500471945319998
1091,-8.236017417428684,2.798977994419685
1092,-23.128478356352087,-5.300008871497163
1093,-8.736153561381391,-13.622344159135327
1094,-11.040171780189638,0.017716673060102234
1095,-9.978453553830173,-6.857606190517419
1096,-20.528161564593404,6.2775407935012115
1097,18.517069081654345,-2.477342689795156
1098,-23.13597364330985,1.898619562680222
1099,-19.5256860802344,7.663011551017597
1100,26.442347744429554,-2.6021883353801787
1101,-23.626982897355383,-11.971716716031317
1102,-23.0411139563729,2.0313416013184753
1103,-7.52134459543784,-17.757278008486217
1104,24.378707035965057,-3.3488790363917915
1105,10.891302179089127,4.881117392124252
1106,-18.35164360765454,0.26251315830113797
1107,18.941109679435087,-12.34362838907673
1108,-6.222947981531395,0.894875321764432
1109,-19.00583913560846,13.01263930519167
1110,-11.359091750749178,-17.435159225823643
1111,23.329541771416963,10.965113390804941
1112,-20.93503045507755,-5.039829908537353
1113,16.378665256170656,9.5024237860348
1114,-9.775274740252028,-11.686459139474442
1115,26.882303799735272,4.951373925375294
1116,-13.912811716116995,2.245921820327775
1117,-6.278522686338856,11.167793049002587
1118,-16.922757541810117,7.468474107356509
1119,-10.459458500341624,7.608728343620824
1120,-3.4398880724931473,-7.420953868244421
1121,10.911270388042201,-2.6348101659442604
1122,-12.459968416671073,9.351704941229393
1123,-5.4862046753830045,-9.781784826799617
1124,-17.694380909164494,-0.14345852476419754
1125,-7.860827499138583,9.992975385822659
1126,-1.8193076304128901,13.53378710533309
1127,23.37303098085323,-5.1175337508158325
1128,22.368907659135154,1.3010214749427953
1129,16.95226854345645,13.709877379643308
1130,13.564766240555373,-10.6530532525959
1131,-10.38853565284153,-2.107884855995144
1132,-25.91544278867479,4.885487698932884
1133,-15.780751538969199,2.1277366513593816
1134,-25.235808465029077,5.409736944371173
1135,-11.709937512049718,-6.9020421951896775
1136,12.577832266665705,5.971980992993124
1137,-5.832608828822921,15.885255786504542
1138,17.049571783109815,6.2692158061377015
1139,-8.336847168036783,14.024551835040114
1140,14.378898749624737,10.734326052309434
1141,-4.202175089251432,-8.114535220146479
1142,-9.100034014403517,-13.260028887316533
1143,16.33841580592612,-10.63859857506796
1144,-23.635955333351145,-10.023249017232043
1145,-27.05152149710311,7.538261090516749
1146,-2.9265871162173536,13.653361476375387
1147,-17.191536275796352,-1.9576043159350724
1148,12.885007824087854,5.662107231632034
1149,17.55618903918714,4.587172481537879
1150,-14.852020785082688,1.0239957731815341
1151,20.42595466573755,-5.397708670872447
1152,-10.763870693182975,10.210974717490295
1153,24.4757087470913,8.297059851641361
1154,10.261502054844717,3.683405763788176
1155,22.081103578366317,9.449290261933523
1156,21.68123403284412,5.883447077231645
1157,15.761619499103585,4.671761711003127
1158,-9.072451593623644,-15.694021855983342
1159,23.090912616202253,7.4322859607593585
1160,23.895405258952678,-4.656108279227926
1161,-17.929050054524794,13.96600516828799
1162,-8.283383268811093,-7.33015224788484
1163,20.484983873334887,-4.043336181412129
1164,14.44762405699273,10.785169716401278
1165,17.76788305336604,0.7646433690662032
1166,-0.4393987312738857,-2.797590252986533
1167,13.254334646765685,11.398600322122693
1168,14.03818722002662,1.1838757475989066
1169,-18.41562287705777,11.239356916383858
1170,-13.709652000026416,4.170926357358998
1171,-6.409807588405352,-1.3615344738064834
1172,-2.0058740977043894,-9.687611802904609
1173,-5.881615475753896,-5.49488159508732
1174,16.217605915217803,4.9330367738260135
1175,25.821044612228675,7.568821734530853
1176,-0.6577989822385258,2.1744684853142298
1177,-14.329280207477026,0.06492078171595533
1178,-0.6646579143432657,11.190558630063439
1179,23.13536606021838,-3.0456150843952656
1180,23.08709046254386,9.89922552041049
1181,-9.494908132159273,3.228699160314161
1182,-7.949854315927587,9.419770914653421
1183,-5.182649358091782,-3.23092321527359
1184,17.943457458646538,-11.12572148568156
1185,-4.225681071412091,-9.20091832161988
1186,26.161180017312542,-11.786990741142732
1187,25.03357557870974,-9.664256858074157
1188,-11.410370119752024,-3.216369042307625
1189,-15.194446764427386,-15.210903484688215
1190,-9.533313610143297,16.408100612318904
1191,15.724222328366293,-9.500349822674941
1192,25.02813565761426,-9.770341466963929
1193,-0.07697905305624277,5.928407470540311
1194,-19.560585225609707,-9.608742788566929
1195,16.8238300325888,13.684050441740448
1196,-5.065020422164459,16.827791611510794
1197,-26.485002514726038,1.6765851767462945
1198,17.20907459649703,-1.9498600466954328
1199,22.995599790256218,12.410060662687112
1200,-4.63868580644173,-14.926486247297014
1201,11.054116124080121,0.09381403525166476
1202,25.974970013489425,-10.92656401445491
1203,-9.518212908568222,-17.589493506394405
1204,14.353466859702554,-12.126165425472255
1205,-18.72817460208942,10.298874676941578
1206,-5.793878300795845,-5.589355883049712
1207,-3.1601273532940755,13.758661847150941
1208,-0.7996656904813609,-4.888841994466952
1209,-22.397488346397093,-0.5628639460175954
1210,13.54637795623796,4.699022117671013
1211,25.828068241044882,-2.8146867056111162
1212,-8.090196720972664,3.7307343792753027
1213,18.45336338821011,-5.49261760816511
1214,-4.009064582947434,15.069460329690854
1215,21.689938570193355,-1.9977130237360687
1216,17.767020030478662,8.328126844073209
1217,-16.043224141788528,9.478226355170476
1218,10.42736183916472,3.5217626320050988
1219,-23.03634473045313,-11.558523194584728
1220,-21.371166384043622,-0.5451697105778273
1221,-18.786957582919303,7.983572210958017
1222,-4.717619319756265,-17.24441970637699
1223,15.121056168728774,-5.61960904460876
1224,-23.358017802461134,9.53078001201969
1225,-23.592668606641684,-12.292885321630727
1226,15.9255607479179,10.196931478335676
1227,-7.392984567293133,17.010992877172402
1228,24.380942904829823,0.6764857405387216
1229,-18.899280949435607,-8.380995073176956
1230,-5.870368705991288,-17.89914721449131
1231,-18.493858659686122,-3.7995569671136686
1232,22.457822296553758,-11.591242740922612
1233,-26.89335097186671,7.048302976685161
1234,27.02101790764162,4.949385187929322
1235,-8.904143599918791,-4.64961433699352
1236,-23.0354820574856,-5.11711757284231
1237,15.907672129590214,-0.3413020479962403
1238,22.6499018885516,-8.697874346339137
1239,-10.464594117033583,4.636595781969346
1240,-4.118319411950302,-2.1237866189835963
1241,-6.948118826155041,14.371870356999807
1242,-7.084485349229526,-16.868333350560754
1243,24.957981266738003,8.589937504651708
1244,10.135773741622218,9.934948131291796
1245,-4.445104124876491,7.494085266618918
1246,-18.242687035696154,5.805797026102583
1247,-8.800999045644986,-13.089342942754465
1248,-24.051304858652,-6.541135731333266
1249,20.977484347497345,-2.660395930590643
1250,-0.27979168016565187,-5.929412761051583
1251,-19.949037090990426,-2.0239688356904018
1252,18.24868183963937,12.571123328330335
1253,23.1281520450008,-10.628393443949566
1254,19.00754328819958,2.625592277783104
1255,-6.926743555096208,-1.3098705233303096
1256,9.20616686469441,0.3798014566614387
1257,-6.867664754415351,-8.553460736564206
1258,-14.463391399413547,9.344833004717891
1259,-3.962655456744877,15.996630394452877
1260,13.45250779820674,-1.2493205190732246
1261,-4.446341414732068,0.3129493905002717
1262,16.56407250966428,10.107220393316085
1263,22.940639660836194,6.954236351756769
1264,16.072832074224184,-6.715037128267393
1265,-11.357117495186344,1.4676586006197598
1266,-6.05140679818385,12.36434813053992
1267,26.262227041230574,-3.542467847961977
1268,22.948392309871906,-10.507182197885413
1269,-5.972740692921601,14.795244282074943
1270,22.8045712496453,12.041114829363494
1271,12.239017127227898,11.628882833033362
1272,-20.58509924349527,8.703158793375131
1273,14.318014891502056,7.414685850208859
1274,-5.9866260798116855,0.7913602562796015
1275,-7.482840541167417,15.945796247946696
1276,-24.650382392436953,1.821866549911849
1277,-11.288802474428623,9.957654141269472
1278,21.49911274850283,6.194482866881781
1279,-15.337187543640372,0.9637497751887163
1280,-5.708090402469599,2.4875493450663004
1281,-15.723675752574364,13.618115472836092
1282,-7.0192566592167545,-18.41830145296619
1283,-6.31239042946929,-11.241877741192884
1284,-23.11682135348872,9.61607994843115
1285,15.511634814389014,-8.468353575659329
1286,-4.963727046902079,-10.99575531382572
1287,19.00131450004732,4.034494241922686
1288,13.118625494861394,-1.3015897772827287
1289,-8.946254671745356,4.051837101793858
1290,-26.062501264448574,6.743323626565817
1291,-19.273231713699296,3.61606747605981
1292,-12.45747864546517,1.2226394178118856
1293,-9.146130293059331,14.75768261094717
1294,19.97284718538246,-6.504673008407977
1295,-25.17630677575372,3.9789853538090996
1296,17.514828770840786,-11.149025538865155
1297,10.67502686123089,7.505664981824531
1298,26.743636574184148,-7.634118971856494
1299,-22.88551032631712,9.777456485032314
1300,23.277437270405958,0.17746903642626194
1301,-17.593977469199057,-1.2440324109757186
1302,-15.929955810582575,12.776718028736708
1303,-9.156682569149645,-4.593399072002309
1304,-29.05826072893204,2.2091712755730524
1305,-10.219483304504843,14.342508925808247
1306,-24.414265151598915,5.707706577032212
1307,21.7034442276723,6.216431993865836
1308,-6.369803839940441,15.078591773870219
1309,-6.912099579110911,-18.334052713831124
1310,26.89500523651521,-5.640695325320235
1311,-19.13649525448313,-10.267235870747717
1312,19.13768200396641,-3.8497430322837785
1313,26.915070470884135,-1.3456750455401465
1314,-5.253677234728371,-6.3884254328578445
1315,-10.307354253724803,-1.7943309700295227
1316,-2.664353065868254,-3.5240729140080242
1317,-20.562430830469115,-12.83743067875245
1318,15.060731053796445,4.2317780042755695
1319,-4.346786020261033,0.39023891145654765
1320,9.425303253343703,0.5578979967145116
1321,26.778641859513424,-5.637087874738634
1322,-24.476202759318998,-0.3576411793648219
1323,20.699594103050227,-12.786069184843491
1324,-15.937782168205613,-5.613179097242366
1325,-13.133544840025829,-1.2137354535696463
1326,-9.457033251362988,-4.440283634516271
1327,17.184213365717987,6.332613671131548
1328,23.08208984946751,-4.760444719025517
1329,-22.8474324089177,0.768481778999856
1330,-4.752292552691739,9.725314535337354
1331,-3.1550424158404144,17.76995749798063
1332,16.426702052081545,3.9628855468431285
1333,11.281390487122039,9.519798072873376
1334,-6.488066084900253,0.586504773020826
1335,-7.448854710688197,1.169094338366912
1336,-6.290444196247322,-11.437367050429453
1337,-16.568483287775265,0.7202201672334643
1338,-4.664903031695879,11.67974230048259
1339,-21.49183697791069,7.048756638548274
1340,-17.143327482474632,5.842911620200615
1341,18.821750221222256,3.28937539349226
1342,15.345159931422598,11.921825236957439
1343,-22.718240692724486,5.722859589873536
1344,19.78557373870756,-6.14616023754258
1345,26.68992023968114,-3.9680250816626574
1346,-26.775471302056165,6.884060630355869
1347,-21.800123898636677,-2.2851053623696536
1348,-14.12140743667,-14.34291346944216
1349,-25.23977012840967,-8.520642538592869
1350,-8.1116348822668,4.117421493554158
1351,-7.865762968377095,4.2414798529282525
1352,-10.285019925838949,14.324118634653297
1353,-13.909986853658909,11.874057654401977
1354,9.340623374900018,4.524799650566298
1355,-16.9903615222653,-12.342255534878719
1356,16.593821828664037,11.1040738293199
1357,17.209601985950663,-7.586483502495561
1358,-24.490001445613313,-5.488492772870255
1359,12.950096300794913,6.785975972275968
1360,25.548295439266905,-5.579557331267108
1361,9.122449653025257,1.467119518918015
1362,-12.799251341191749,3.8100758236672028
1363,-0.07649964415964408,-12.41208313556186
1364,-12.296181963277997,3.1443874086044707
1365,-18.550886679217573,-9.818769930704809
1366,-2.9414176377583177,-3.0341350650740777
1367,22.939192662373195,9.626789993248972
1368,-12.004150596021038,5.246998947332726
1369,19.688524954555582,0.8442996746822734
1370,10.043243663595776,0.6168342558049794
1371,17.992909603784515,14.10547335486444
1372,17.562382499090326,0.536844526925275
1373,19.007282153597302,8.783796657918934
1374,16.80719780690619,4.62405068880014
1375,23.924108325475558,-8.985658053191178
1376,-4.4746758384788885,0.3021780413418513
1377,-19.330897457116105,-9.18073201508944
1378,20.749446421953177,15.576529783963286
1379,-10.649338298885803,4.890706232764031
1380,13.48396327241899,-1.006430893133938
1381,-20.859625801284455,-13.99982906113646
1382,23.466273895253416,4.058545086727586
1383,23.865240056106998,4.493220621128438
1384,-25.08244215569661,9.142757500958844
1385,20.701805096783986,-12.464715164257765
1386,-25.458188457201505,3.770758486688531
1387,13.931079391470213,-6.638455119798202
1388,-19.18957011196786,2.594809827418538
1389,-15.11209629099075,-11.288404568498771
1390,0.643343430679006,-4.183367269839924
1391,10.77478696892328,4.8036010249149355
1392,-6.343365423310546,-2.8794224832464854
1393,-17.036870604510522,4.096403905248257
1394,-12.993031937151772,11.168282717703605
1395,-2.79653252526728,-3.271925993373403
1396,-15.970303504833776,-2.8028348460504366
1397,-21.94379505115921,-7.959788526319376
1398,-18.278832883081304,-2.3990124270939153
1399,-24.479308159540516,3.1576263421212847
1400,14.596286583786704,14.53584871068789
1401,-21.414411949304576,6.781744908032588
1402,-20.896435466377625,-11.23372569026589
1403,-18.344274441161925,13.749519145392652
1404,-3.305081890564274,-6.133846315241566
1405,9.681032829796612,6.973242593428634
1406,11.923073372460454,-5.927871122873519
1407,13.277543510274285,0.9540496106228569
1408,-12.957907617986503,-6.874015741874471
1409,-6.276424286599374,-1.0893355973844097
1410,27.890152427530897,-4.150551173798295
1411,-1.136020676036315,14.778140738974797
1412,-24.415557598507103,7.402677787843499
1413,-13.333072735131763,2.5686347331639197
1414,-24.707603391509224,-10.753915076833957
1415,22.24046140409442,3.119537931372035
1416,-6.107000119364468,12.199327911268192
1417,19.750414436859117,-11.536472234191598
1418,20.01852174931937,5.676840400286625
1419,-3.2175391824355537,-5.7012187293047685
1420,19.69899487398937,-5.963951270259318
1421,-17.778113484335154,0.6134685402848269
1422,-3.501873653057933,10.02309677227285
1423,14.7095942105625,6.022714679323409
1424,12.836102079209258,-6.498428814469028
1425,-8.329498421653334,12.592460222191107
1426,-8.9624679374938,-1.7424571571268872
1427,20.285486690534633,-7.390973993435207
1428,-7.321271011934854,-2.814345586537538
1429,13.238569718050263,12.223220676743463
1430,-24.131695710240944,7.93428003406426
1431,-17.57157092093865,14.050603462968027
1432,-17.269971262391515,0.6398575736131894
1433,16.933762111884672,-5.823230697694912
1434,26.687124752757686,-7.648036278961085
1435,-14.698453075869592,12.538044378333062
1436,22.690503477482068,1.710008603237811
1437,-25.277634452118065,-7.846780537144059
1438,-5.971509871161495,4.422861788161088
1439,-14.442848719915828,-9.05144592521298
1440,-3.442058907302471,-9.893377026599683
1441,-14.950381345092145,7.404957115427072
1442,-25.734647973468196,1.9998113983939243
1443,-5.987314933570274,6.773521136279521
1444,-17.20814562102427,-3.2070255744384695
1445,21.8920371553276,-6.679654531777988
1446,17.548394131152918,6.769583054708857
1447,25.047033577062276,8.072415874006582
1448,17.458612244588114,-4.641711780660534
1449,-4.9002199462815765,2.9297459438063886
1450,-21.216110900143587,11.641231351794687
1451,-12.219549754049828,1.002025084798894
1452,-7.9092961167390365,-14.277796345613307
1453,-5.054242684065495,-16.06260787825153
1454,-3.512665451043413,4.533714787470293
1455,-12.967545198272823,-0.06341679700187895
1456,-18.590971361721873,-7.015510879124819
1457,19.10919836830053,-7.073375811127491
1458,-11.792678381940208,3.330566006496975
1459,-24.38207276321512,-2.4903136384167035
1460,15.942612878748134,3.3966008937415597
1461,-5.3235092146153455,-8.773221121243338
1462,-6.569175635804637,17.424008890047936
1463,24.943244280292138,5.517467092960678
1464,19.076326829786947,0.5999047588418807
1465,19.503767746460014,-11.616623121970992
1466,10.911798951974644,11.154645827936742
1467,0.29366656614844755,-6.799686766966111
1468,-20.09165013734414,-12.99351487693085
1469,22.35638947419878,-4.785570019897282
1470,17.76445000714389,2.365351109100199
1471,-4.660530816264951,-7.224736912341955
1472,-12.67429752020643,3.1592468969083707
1473,-9.280913322301645,-15.725099812885471
1474,-13.543468431319612,-4.113222679933994
1475,-4.695308402446946,1.367711875909531
1476,13.89599598082875,-7.411798768428897
1477,-9.865056433415742,5.631529367164288
1478,20.977359539407537,-4.3442802926033375
1479,26.11031979555495,-3.8240601211613083
1480,-0.675973161677394,-5.109703303213773
1481,15.884451730926987,4.71967783713153
1482,-13.694453954189356,10.862868206137762
1483,19.56835413399189,-0.22944937961155207
1484,-3.313615926425914,2.7580534459128705
1485,15.54085577971303,-7.731438753457734
1486,-24.171894164659324,-5.585824586675346
1487,18.318640382808073,-4.307820325703329
1488,-11.576715051674881,4.577156297158477
1489,23.27031204153271,-7.046861884352241
1490,-21.144952049177686,10.845687374708149
1491,-1.2621301269022127,12.65741210657329
1492,-9.623000800717334,-6.211577458838539
1493,-10.963997166876561,-13.984463332588792
1494,-20.590138693220116,6.425219521068638
1495,25.64402955878138,-8.272314087196312
1496,-3.102750506017901,6.542607344962948
1497,-17.3567209639779,-10.477918528570582
1498,0.18650839715963613,-2.039100845315032
1499,-12.538262459568298,6.786655418632255
1500,-6.532453222857996,-4.855482198190559
1501,-19.148745773258884,2.341262611654847
1502,-25.745746597556405,5.157840621126078
1503,-10.825218564810388,-15.705210430952912
1504,-21.357973876900903,-5.489163753080934
1505,25.35616455611186,7.294887331054984
1506,-14.76113645385374,2.790202045672849
1507,28.284397360305757,1.2532371867429908
1508,14.893058245615316,11.7327836932523
1509,-11.409508634006755,-11.594830136649401
1510,20.25338851685416,13.355927494592454
1511,14.588681034594003,14.551715135757354
1512,-11.94043323604217,12.592438590506504
1513,12.015964374191798,-9.887241769840736
1514,-6.359106372375986,-8.035970599197585
1515,-4.794176987987997,1.177650954067813
1516,-15.555518725408934,9.865857864347248
1517,-9.856520076134904,-19.47736665932983
1518,20.525054400576202,12.666426933568411
