,0,1
0,-66.64026540377819,-2.654642700598248
1,-67.91666337678679,-6.680003991451718
2,-67.31919537321754,-2.851201244910837
3,-67.87415833383903,-1.3983690818799834
4,-68.8752292725701,-4.096959192336936
5,-70.16155598776028,-2.284644908193333
6,-69.73645966974888,1.6325846027810942
7,-70.17401777846136,-1.9227152948488404
8,-71.77483559547414,2.293266534408073
9,-71.41769821476923,1.7621030499525736
10,-74.61935526943289,-3.5077211891967126
11,-74.58682494017108,-3.876343032752157
12,-78.11457148224474,0.20422781216361693
13,-78.20144729917537,0.12837392864731179
14,-80.30664996614851,-2.2351751937512785
15,-80.33795357146272,-2.2342962481626922
16,-81.66614821614846,-1.8490839462006172
17,-82.10348590960419,-2.155249326194165
18,-82.69741879829016,-3.402186275000757
19,-82.7912388560522,-3.4375128302139832
20,-82.73632700185642,-8.267244144753176
21,-87.40259310357897,-6.302105182571431
22,-84.62856409943912,-7.496350376078193
23,-85.25701217106435,-6.406644707369789
24,-66.59814403436576,-6.231099917946539
25,-68.4370708080938,0.007822788320761241
26,-67.78561731026001,-3.8791435907386864
27,-67.98142620114574,-6.653290766606991
28,-68.51827189508714,-4.242576797594263
29,-69.5134324203385,-2.68672398169543
30,-69.5737472224753,2.1062315993232454
31,-70.48067297147254,-1.106053169374531
32,-72.41167711008096,-4.070136627229115
33,-70.9955474600182,1.662835988105102
34,-74.15471046893038,-4.50144325383769
35,-72.51031769866054,0.3023134021657643
36,-73.5545161588684,1.1342148564055565
37,-76.38069618889378,-3.3325136712985053
38,-76.50390224130236,-5.319207226845224
39,-76.93828736824265,-5.770743101978007
40,-82.73962005812224,-0.16990189335439754
41,-82.05313623602348,-2.2203197879579464
42,-82.98442548356198,-3.7675261237283983
43,-82.77234038767477,-6.5859472884784225
44,-82.94211198078261,-6.449193781752499
45,-83.66697377670359,-5.6028536356833065
46,-83.6737669359139,-7.895613969114491
47,-84.31314871263498,-5.881185195296614
48,-85.20111708377966,-6.104309746837013
49,-67.28383155869827,-3.9431017850543695
50,-66.76568002021733,-7.490718793536098
51,-67.79430573290162,-1.5406262041774603
52,-67.77703854778083,-6.774137594508453
53,-68.73129995006443,0.16544525304047814
54,-69.26514551310564,-3.105827953362268
55,-69.20974628145383,-2.4862077931697915
56,-70.8803665462199,-4.376595885256543
57,-71.54664916002719,0.3381938470874981
58,-71.1568727912937,-0.08964383278890647
59,-70.20965043395823,2.3287493812814724
60,-74.50783229755176,-5.019170592026359
61,-74.87169210305693,-4.482581099170669
62,-76.39847187935408,-3.4033139879925787
63,-75.85188328387265,-7.646737493261239
64,-76.00424051101324,-7.555046040003253
65,-80.87399470411546,-2.4732561522656566
66,-80.41529041577527,-6.238707704171537
67,-80.5986303022391,-6.227774600304448
68,-82.17077921267565,-6.561600930529898
69,-83.59977908343473,-4.893015477933936
70,-84.61664102834511,-7.152636185957845
71,-84.0955071349401,-7.653902405270305
72,-87.35136594158931,-6.435574151450081
73,-85.03425221095586,-5.977984834724542
74,-66.80670755772614,-7.385844622168435
75,-67.26199375383314,-2.9960454644416843
76,-67.40064244782425,-2.4524102140019415
77,-67.75219458008993,-6.757768553035188
78,-68.75221319568338,-4.182955034669528
79,-69.63104390630737,-4.641796858283137
80,-70.03774553913365,-2.258362192994377
81,-71.95179132047447,-3.437816419414391
82,-72.41188478137119,-3.8835532878525316
83,-71.1885595732155,1.2789675722634446
84,-72.98452263622382,0.8880127931368379
85,-74.59007903199374,-5.2143912533797305
86,-74.8387910124582,-3.9850775037098787
87,-75.08870690013268,-5.581090272808191
88,-79.78027757631847,-1.6111698430316852
89,-76.9692192795468,-5.725961610374206
90,-80.86144295752187,-2.4456221493226464
91,-80.36980981270443,-6.24396180713108
92,-81.64015652623702,-3.7546545429557003
93,-82.42276873683771,-7.124794357972518
94,-82.86597404379519,-7.558839850228469
95,-83.45578391527634,-7.1369051833924955
96,-83.71343215959926,-6.316511403944654
97,-83.65785001163462,-9.138059638780616
98,-86.5537645615608,-7.592436229046325
99,-66.67700099916955,-6.194653962882606
100,-66.29578532139223,-3.6144683097070605
101,-66.71268741829286,-4.578528557736976
102,-66.7449834599794,-5.074643145710133
103,-67.84813155944022,-3.411874992513326
104,-69.63940872074137,-4.56103253889892
105,-70.70508306424946,-0.5186788053675375
106,-70.62379622429903,-4.878107981495618
107,-70.7380465396291,-4.860985366863563
108,-72.34395424655612,-7.159980693443212
109,-69.70825806962812,2.325867222551799
110,-72.52163638194612,-7.12010644530999
111,-74.639062600045,-5.982779935274159
112,-75.19537847794658,-6.824569721549725
113,-75.78997242493503,-6.916211124302272
114,-75.9666799309263,-7.247601917701395
115,-79.54113056042378,-8.098707555127424
116,-80.85628050938769,-7.9141275228573775
117,-80.87732906216675,-7.932789070025659
118,-82.07963779137374,-8.235950208414272
119,-82.91727333118318,-7.094955149278033
120,-86.52009231228718,-7.552179949868412
121,-85.25586273035131,-7.611797113913949
122,-83.62075539529329,-9.377343381603323
123,-85.96923837186849,-8.104379679289162
124,-66.6135652275204,-7.864605852577987
125,-66.93961881396685,-5.151486402591139
126,-66.68207089701986,-7.8058770493882506
127,-66.72888419186026,-7.8292406372899
128,-66.59782033300003,-4.648978388058485
129,-69.94272836109879,-6.936440266856833
130,-70.06362207459213,-6.914583035897861
131,-69.59472984935039,-3.224468820656416
132,-71.42436196602172,-7.047673094971245
133,-71.23902203371985,0.12969057638955628
134,-71.84442506331033,-7.087601533316404
135,-74.22626017319435,-6.490850614239186
136,-75.60935689849406,-7.730134701185606
137,-70.33202236400746,2.530574257979559
138,-77.44118974405917,-6.3839132436917065
139,-80.31893906712953,-2.610477765691684
140,-77.54632367105035,-6.456881427951901
141,-79.52568744356174,-8.153484916385105
142,-82.75980286183126,-0.7252736500004211
143,-82.14024606013302,-8.071990651552152
144,-83.12131104623234,-9.738604689010344
145,-82.8478512085011,-8.398978388017927
146,-83.40633972117494,-9.693946269707284
147,-83.41586727366094,-9.777411306690912
148,-85.92647193948636,-8.046988635148665
149,13.203641068978326,-60.858135209952636
150,12.656861234101804,-60.0484467496467
151,11.521167518926896,-60.00016423685595
152,13.325480810352529,-59.301725439212014
153,16.023361461879066,-58.9539704672024
154,12.887673631554167,-57.876695673675144
155,11.482890758371878,-55.3306162418407
156,14.965671780304948,-56.26412458178688
157,9.371645327001952,-53.95707860170712
158,11.738021106877152,-54.37856187255429
159,11.769322604136176,-54.23594687188655
160,9.990506814603608,-51.74352926033808
161,9.94245133798282,-51.447853893155205
162,11.67248527232885,-50.80417402638478
163,10.127666663355605,-50.67316554441547
164,10.203646287520854,-50.061925166067084
165,10.230219893462131,-50.232750870830316
166,16.211011470452615,-45.71278230911951
167,11.548201557248664,-45.75211464449398
168,10.66561450848947,-44.9344552748214
169,10.811881551939953,-43.292417946764225
170,9.251409919849408,-46.51878301414309
171,8.52390951341827,-45.75998124599722
172,9.95412001889951,-43.02204292738201
173,9.321817911767585,-42.58753985357653
174,11.552464299982502,-60.73280615019136
175,13.753356004302292,-61.39164317219209
176,13.609154182136265,-61.16469449988
177,11.152755031703323,-59.55223320026182
178,16.23912528688963,-59.00382711316559
179,13.127878506654731,-57.91484385408006
180,12.29860450950965,-57.44978357412481
181,16.693499585375818,-57.30199765077331
182,16.69344106134106,-57.43494380777048
183,12.325228407621237,-54.29253785200009
184,16.166913692138795,-52.03106729422297
185,13.70864160502996,-50.87769274083277
186,11.416035600044204,-50.74453577889539
187,15.028491720598918,-49.42197911419675
188,10.218781175001975,-50.374873008071916
189,12.072731703776633,-49.33370762886996
190,15.846923760211618,-46.37205509036455
191,8.460797203833017,-46.71304607579555
192,10.553851170209075,-45.03260960776406
193,11.778006991277302,-41.201741430064146
194,11.316157550008095,-42.02973061729432
195,9.013674804731066,-43.65396546265521
196,10.381607811356705,-42.808186990686636
197,11.018407707855227,-40.215798179374886
198,12.765032758170449,-61.03964008546087
199,12.637686307903298,-59.647450292969715
200,14.586909539418933,-60.68350343711512
201,13.755550292397015,-59.78196117188251
202,14.80982998743596,-56.54940439119604
203,11.044670121066439,-59.17281416701683
204,15.6893777520449,-58.4073762699032
205,16.368748423133244,-56.947350876439295
206,16.72029526504241,-57.140386105135704
207,11.777360278399133,-54.38032771864239
208,16.098900860048534,-51.73348430022963
209,9.492913875256566,-53.85153952896965
210,10.109257678236048,-51.65619400721791
211,13.869004423222707,-50.29711485647287
212,14.085288858443834,-49.71799868285428
213,14.13243260280698,-48.54092632032101
214,14.192885253443126,-47.9945336165602
215,16.095759451447005,-45.91535629429067
216,11.277297800176527,-45.77505592302732
217,9.873512292377253,-46.31709478803594
218,12.021285156998859,-40.714516081771535
219,10.68961732029666,-42.96509359176281
220,9.059589078114668,-41.93035566489727
221,10.691852663711792,-41.63800535625391
222,11.308286959104132,-39.3551871567273
223,12.394050132843995,-60.473503188468364
224,13.099391872042588,-60.34342760394097
225,12.596915392786066,-60.20346840781375
226,16.357358149929198,-59.43927856569646
227,17.768997986364308,-59.34868459844296
228,15.96727762522069,-58.76677435686678
229,11.963493524109678,-56.94086628978994
230,15.015124998463007,-56.281650184967184
231,18.480925487226717,-58.05790967456552
232,9.487402589029507,-52.252027196649024
233,15.395767824448571,-51.62340736801307
234,13.786768095442783,-50.710930657849495
235,13.86450897912249,-50.959539237094035
236,13.910914110914304,-50.05778487871269
237,14.154682065315994,-49.72273338518403
238,12.936504257464495,-48.07007849856882
239,14.304846832903753,-48.27091768681802
240,13.208948048641608,-48.029185802202974
241,11.957844170244412,-45.64670226132974
242,10.244649299608044,-45.36537340396679
243,11.990627576661158,-40.181770562280256
244,8.554535177243496,-46.49971723624355
245,9.196800510001601,-41.83100252334744
246,10.130808036934123,-43.015063874603456
247,10.807812352420619,-40.25867278277276
248,13.589386991706398,-61.29826515045923
249,13.803100974611905,-60.59784385367822
250,12.82410185144333,-60.125881411254326
251,17.572972508422737,-59.574563563093996
252,15.830646115044923,-58.84118861127888
253,12.161582257560694,-57.2290857852645
254,16.633230603688073,-57.21149930608692
255,17.728121397812536,-57.67970628659596
256,12.248638078764344,-54.25959098435258
257,11.472667640007774,-54.37297496995353
258,15.64599856309124,-51.43974126252434
259,13.706817647220284,-50.59263496525589
260,15.334526258205674,-50.01051940633022
261,13.147777942562914,-49.72922414727376
262,16.059712588159126,-46.44615154934514
263,14.679993504794405,-48.064609839870016
264,16.132297001417204,-45.90833875475163
265,11.541814816777537,-45.70492353489203
266,10.882928111838847,-45.633572637146145
267,11.661152475656026,-39.3510521399115
268,11.889435710232195,-40.844296564108994
269,11.476782481329595,-39.2886952999988
270,11.143914375322183,-41.370844537495174
271,10.996510319447724,-40.495176086653736
272,12.742102780219806,-61.34253926917299
273,9.236221329814251,-54.308374544020495
274,17.65903918184009,-59.48681605241068
275,18.126386988697412,-58.822244514427375
276,15.741920921760231,-58.799999151414276
277,11.658691476211377,-56.61710925130968
278,14.502909599387385,-55.8934627172476
279,18.52216860221273,-58.04172181540718
280,8.965064362952557,-52.6939602798683
281,16.135463652589106,-51.36178903884889
282,16.197749428460988,-51.2265224933867
283,12.960150132570377,-50.69714912652183
284,10.077581895107521,-50.63427566194078
285,15.60834814262996,-49.25031783084593
286,14.66798723974065,-48.372266859469036
287,13.746125110589487,-48.25828358992579
288,15.923057263278201,-46.31339670989023
289,12.195075298787794,-40.369707512730734
290,11.381636540842221,-41.57043823596697
291,0.18035628207543627,-10.953539850125638
292,9.901391397783781,-42.889333780500124
293,10.848344529042409,-40.79663812844524
294,-68.03295160023076,-38.5719949737449
295,-66.63154380123754,-38.398332191497644
296,-67.24844327145884,-36.90945935759185
297,-67.21606728575712,-35.76478712885835
298,-67.89745861356101,-35.448385040418536
299,-67.52894224336258,-34.170967438596534
300,-67.48520620850755,-33.18074586052134
301,-70.17116526454788,-30.715296725072044
302,-63.88069166808681,-32.48916143402189
303,-64.9221373499402,-31.382189978603552
304,-62.01135324003425,-30.472339316027252
305,-66.95291428717402,-26.63725739824248
306,-63.640824702102314,-25.381809744139613
307,-65.0793488702925,-24.053375021102973
308,-62.90529510378419,-23.678201028263032
309,-63.2341298003741,-23.61734849699164
310,-60.804240735514,-22.403447151651598
311,-60.82240932730746,-21.884077311202834
312,-65.60891160310352,-19.16004142479845
313,-59.682991397676496,-19.899192502614152
314,-59.3321875363978,-19.118914067986907
315,-61.923607684165376,-17.660504908810754
316,-58.21278552218348,-15.173660254021671
317,-57.841620533274515,-16.29632807634601
318,-70.47186182129931,-37.82338229926037
319,-67.75108942237185,-38.13457951068432
320,-67.00219513622085,-36.464712266915704
321,-67.22074754824062,-35.97946718633222
322,-67.7407903486167,-35.45636261908463
323,-66.57728235668364,-34.39765073543107
324,-69.89210187687027,-31.285919738578418
325,-65.11796475167691,-33.89825106289008
326,-63.50648832757615,-31.3207753055193
327,-63.78279208192748,-31.318074843218625
328,-61.89009042029523,-30.949099762317864
329,-66.80438299667875,-26.538895221531455
330,-63.38846522541197,-25.38528524867962
331,-65.9088034724752,-25.377471577683107
332,-65.2105612324586,-25.08430342266243
333,-65.51376821519557,-25.099307498416792
334,-59.70599939888575,-22.17875332288264
335,-61.09171520684355,-20.774146561450678
336,-62.559604223761504,-18.052769150814676
337,-60.34882684047755,-20.06875425103439
338,-60.55737552185731,-18.038483849436137
339,-59.56741125886159,-18.78459085729342
340,-58.25391847824464,-15.423197486890833
341,-58.00898636171544,-15.77588039688995
342,-70.3674098492896,-37.89497177347904
343,-67.24988904040006,-38.07727410964802
344,-67.76056117131051,-38.38590934453637
345,-69.15737302489342,-36.04568739187635
346,-67.66488716855827,-35.29795365892668
347,-64.92281912301381,-35.14973760065927
348,-69.92906404985067,-31.214675659178724
349,-65.23586406457972,-33.58433533959366
350,-64.14396139085136,-30.9392514409573
351,-64.73904005029705,-31.137823876951167
352,-62.07571544917833,-30.779982232609303
353,-66.74703531299843,-26.492953655273087
354,-63.200737296072184,-25.62564485090353
355,-64.77107846168349,-23.69972484075539
356,-65.58325779493406,-25.090898869753993
357,-63.102467299867875,-23.505583571146214
358,-59.72165100924374,-22.137827421441617
359,-60.134472105152476,-20.7622244069073
360,-65.47265504299921,-19.294039948156424
361,-60.795645046909094,-19.867977879452187
362,-59.63927168173537,-19.23880237234777
363,-59.23770422582432,-18.934310848179987
364,-58.25115811005525,-15.363106406489552
365,-58.14916829180825,-15.16187682759328
366,-67.76807819913981,-38.26619437280819
367,-67.86378248684512,-37.8806334980795
368,-70.3848315562326,-36.749810849388325
369,-68.3963934988714,-36.006717456947754
370,-67.44539627815502,-35.475207221778476
371,-67.60292604071275,-33.771024744254056
372,-67.49809865425868,-33.21095926178385
373,-64.48111997600029,-34.87272409541061
374,-63.99090211637705,-32.651796478469684
375,-66.32902572222036,-30.98571227131644
376,-61.980430356935386,-30.46112887952689
377,-66.08398151254478,-25.93618395310454
378,-62.72479830307068,-25.745488862262455
379,-65.16364876943392,-24.062498864059563
380,-65.79969718504191,-25.250385187314183
381,-63.04657328261199,-23.43760242277289
382,-64.62467132600132,-21.19623312064615
383,-59.832252590869295,-20.942248592572373
384,-61.32811341041683,-20.05921627398126
385,-61.117269138918466,-19.62827881355227
386,-58.79576952953486,-15.91832480430678
387,-62.25272053255937,-18.262224211951448
388,-58.15099145210052,-15.897297004341024
389,-58.035432668459,-15.899136165558614
390,-69.86402952433814,-37.734786027796304
391,-66.93727409332435,-38.4054411893301
392,-67.34926106013013,-36.9064410330695
393,-68.17559088009888,-36.20963900062687
394,-65.27916829735456,-36.4154326926136
395,-64.92952943567231,-35.26944938467916
396,-64.93791934791177,-34.44300709175697
397,-65.53114695269657,-33.633397919712465
398,-64.24101574825228,-30.808677703509844
399,-65.00329766777791,-31.297231780045202
400,-61.95626858044572,-30.58150399308025
401,-67.44972455603697,-26.850351464151682
402,-63.57511631759842,-25.152370771791325
403,-65.0042513079605,-23.581740165892473
404,-64.6404282708915,-21.558070620237466
405,-59.58080699981576,-22.28633003095145
406,-60.80183209682249,-22.418885084634073
407,-62.837462334434534,-19.672325166325212
408,-60.169952453705775,-20.358236228013926
409,-59.24808758736259,-20.403636937659353
410,-58.97610460964152,-16.058930516990902
411,-58.917750893959806,-19.300761871935276
412,-60.93287628960572,-17.145770752235304
413,-58.14674539911921,-15.414306867062644
414,-70.11734512230007,-37.7261631210012
415,-69.6161651538183,-37.5261331777205
416,-70.2704453812261,-37.4716311521699
417,-69.07184716977889,-36.06001796653474
418,-65.36887230395372,-36.29885589784316
419,-69.89852702326023,-31.374971666035364
420,-66.1598977246182,-34.17544379756684
421,-70.01151013831596,-30.998209741470944
422,-66.17700642939572,-31.168469801440374
423,-62.75626702601152,-31.08196324238705
424,-61.86943806128481,-30.255330348722016
425,-67.60481137536864,-26.904513472758
426,-63.157232149860896,-25.682569524411768
427,-67.59954826602012,-26.776015898752057
428,-62.64822330073898,-23.243411926228408
429,-64.54906460192066,-21.49885001368867
430,-60.06715448436405,-22.432778187319588
431,-62.638662261324995,-19.672492539844082
432,-62.74086261913599,-19.37728731429718
433,-61.476268095790424,-19.434015705875115
434,-58.97215391705091,-15.414463317164266
435,-60.39483196418364,-17.88837579297078
436,-60.88001244438628,-17.26881586287736
437,-61.034105042201865,-16.924885312368662
438,-5.353847559426236,12.56334005957806
439,-4.402846541457534,14.656951940921466
440,-6.204029274653216,13.905023495524805
441,-3.4530701854956014,14.28274465322603
442,2.1155738759613727,16.607552879853316
443,-3.0587008648293383,14.631889030508956
444,-5.22445140019483,17.88956186785065
445,-2.386131037658463,17.27990391446355
446,-4.519870179604816,18.535724700274947
447,-3.1993890914860166,19.45776238882553
448,-4.521563583811444,22.670272418173152
449,-1.0958894262674628,23.354704569246998
450,-1.0250210360633663,23.57822528170693
451,3.941024403697221,22.840212123728605
452,3.889170515422477,23.211314621630034
453,-0.8468802429564339,26.512479745424265
454,-0.5223872224153285,26.066457977007207
455,4.379924370412403,24.54012623922793
456,1.3220953537305433,27.952935753166464
457,-0.02613501191113641,29.15770587945663
458,4.449167802517068,24.8262306589382
459,2.1761502082459714,29.041539095804147
460,4.436455337530837,25.968272717434026
461,-4.385681260091743,14.314560673866499
462,2.8785720875228016,15.822741834314945
463,-1.9351628722855017,16.56853776628237
464,-3.099558188471465,14.686872268878448
465,2.207197666149028,16.488837239682876
466,0.10470505612942779,16.208645357931132
467,-9.560828242164282,18.17408065499832
468,-3.7049211607196004,18.18827052908049
469,-9.531426713766482,18.180405875675564
470,-3.7399526387758604,19.756157808791173
471,-4.553314712450195,22.71727451511078
472,-4.2429450629472205,22.995226217947998
473,-0.9612111414876691,23.506753396497768
474,3.2049378754334117,17.267934464046782
475,-3.1911660549930314,26.055770122236325
476,-1.5666125974877871,25.990248619854505
477,-1.2155206223693855,27.248253661083265
478,-1.2611601570977964,27.557017279381647
479,-0.5489195492331247,29.87729357104744
480,-0.7645474402024822,29.70471804552075
481,3.2101784992645035,27.10838104210069
482,-1.3370754871367905,30.08431087461147
483,4.3741937355733524,25.981832840699692
484,-3.9648245248464065,15.380435553060519
485,-5.820916621633039,14.377625091988703
486,-6.489897626986768,13.708970921249936
487,-5.485377450830935,17.115090737063873
488,2.616652185946712,16.268635929765434
489,-5.956709608160497,17.84190740873926
490,-3.2588949017638646,17.768789353912002
491,-4.643921089489953,18.600231374053784
492,-4.0251705867722505,20.15334940279584
493,-4.653013125449812,22.581462981942966
494,-3.9946428640413156,20.974667007689348
495,-4.3427607811510125,25.175556673328238
496,3.203484607271468,17.26622427270973
497,-1.8393520818368678,26.212442366052205
498,-1.071321961855647,25.561608940923968
499,2.4266506974414432,24.979440939214065
500,-1.6185901643753342,28.487916079279035
501,-0.7036208133939063,29.357434303744537
502,1.1611443984915395,28.255809587425674
503,3.2676776122716436,27.106594433943844
504,-1.6629089911153307,30.063904642803465
505,-0.36530321325666093,30.871894829730632
506,-5.2865087507769335,12.634607238178214
507,-4.972499087941811,14.82520219956542
508,-5.591204370289218,14.464699030590927
509,-4.721041578458759,14.22541462115832
510,-5.197420231452473,16.988484165665312
511,-5.8603716141568585,15.098843551882434
512,-0.18832421914898828,16.187728805746715
513,-4.5989600836192075,18.309112113467364
514,-2.545874280205606,18.997457456401747
515,-3.7906698497242517,19.752619605044792
516,-5.122729344505987,24.1776749901441
517,-4.549067957887909,24.833967152918195
518,-4.313310054530431,25.128923617452298
519,-0.6789689688411985,22.980747357642116
520,0.7096236328906614,25.102411383713036
521,-2.1254808955748596,26.84307164252945
522,-1.8105563944041276,26.72640820968259
523,-1.8203967878090264,28.630366521329073
524,-1.2678416016370708,28.76647200065433
525,-1.945331020565164,29.4575818434116
526,3.5753595810016625,26.68282975021679
527,2.148937172282951,28.85773515184562
528,4.466420992100857,25.96961527490442
529,-5.473892114819296,12.565504962021276
530,1.0552533937218644,16.24263133573679
531,-6.486805131420476,13.439499103873622
532,-4.272893461889062,14.289636435647235
533,2.6760038426130626,16.404289711194906
534,0.34295840237085873,16.20319808380463
535,0.09076277022729749,16.195882432473173
536,-3.674838175146697,18.1060263994362
537,-4.664449090884746,20.128367245133006
538,-3.863149852563073,19.704714695003766
539,-5.22768990714619,24.38693009489613
540,-4.6679745661795735,25.13611620741764
541,3.8555012037263405,23.459828600394502
542,3.727994198376153,23.29702592125346
543,0.8071243913776918,25.26413207944297
544,0.6031178302175976,25.285853563333482
545,2.4002902637622023,25.046149995509992
546,-1.7258946692708046,28.470307621445762
547,-0.6737253155260826,28.47304150139205
548,-1.400243992503548,29.57728484388702
549,2.7740175389196002,27.822324779872933
550,-0.5796783852907823,30.339669630307874
551,3.475502539631815,27.170732449157498
552,-5.215061452886073,12.736845024796049
553,-6.733287132440325,14.065765315276456
554,-6.556288870452773,13.723925864522053
555,-6.428761911191894,13.897606629829413
556,-2.0634652281355113,17.611614846497588
557,-1.521171446639544,15.833881476727
558,-5.964834644436578,18.469424484419342
559,-5.34214899383971,18.55267107782312
560,2.7493899049403328,16.487530665433813
561,-4.6970074476449915,20.563407195910166
562,-5.12651922603489,24.836834448366464
563,-4.389266452986767,23.962366284169818
564,-3.9930662462902493,25.4039068887785
565,2.5665173069758027,23.858369117047943
566,0.8056736129713318,25.149763232783645
567,0.4810513148713537,25.344793843909706
568,1.8158998741318453,24.289785742959307
569,-0.6473147213424206,27.991919383820356
570,-1.7703476185710194,31.904821835856186
571,2.7787402746247745,27.127901213302284
572,2.823356994901545,27.762527213614252
573,-0.3395255182090094,30.423860182588175
574,3.3366098159593998,27.352773775523566
575,-77.91010591317587,11.997015955625665
576,-78.91192950660249,10.673697741255001
577,-76.111538983209,10.28281915709329
578,-78.57339844773294,12.951689578706977
579,-78.89105558973465,6.063662307752376
580,-81.35286767284133,10.353943447140482
581,-84.27422586444261,6.842237036684191
582,-84.65431195192016,6.773697680525458
583,-83.52809977017148,8.772404194299305
584,-82.80770071209729,4.43356868047355
585,-86.0863753962107,5.593479906520287
586,-86.69967765699053,5.5402153124219975
587,-87.57027726111595,4.42116021354126
588,-88.95171487720917,8.46806625180947
589,-89.41094815545445,4.088720842017462
590,-89.15218073779616,5.992401556689543
591,-89.78631679907758,6.976667225087754
592,-71.0709644336263,13.536934193440496
593,-69.52566538485253,13.178592161309503
594,-71.71129400609692,12.146230681496917
595,-72.19137738389351,13.924483095354043
596,-72.44563349367026,13.941769413864316
597,-79.32721009203016,15.904775000768392
598,-78.11858445595225,12.188985849632044
599,-80.84070045929812,14.333387610713794
600,-70.96479049578132,13.391381432696587
601,-77.84483258896311,13.362889503744114
602,-74.90744919288589,8.504836485775975
603,-74.98738596274409,9.764071598786352
604,-77.57856164035164,8.374024558865445
605,-80.91144189062959,12.468273123759161
606,-81.58994831659959,6.461327182858511
607,-80.59859124720018,9.00624977380987
608,-83.91804977232842,4.189379913517723
609,-82.63956686773918,4.020717588469075
610,-83.48183897905221,9.038152894221666
611,-85.49345008283325,4.3705172937617265
612,-86.47987634041642,5.708862992031428
613,-88.44576632867725,7.414867699447836
614,-87.84256646029893,3.6656734088822236
615,-88.6104049329753,4.1488650304930665
616,-88.12152120916944,3.8533237377229868
617,-89.61864986175537,4.213500981428056
618,-69.42478587617568,12.443930235052028
619,-71.22209347556964,13.317244634335099
620,-72.23841558999,10.794370944119063
621,-77.83437132900042,14.02763254549513
622,-73.24682619126638,10.562789667090037
623,-73.93585718374604,7.947856016844109
624,-76.2406354487112,11.926387028407534
625,-80.82392780879124,14.332049688859472
626,-69.29192714606108,12.635920131304585
627,-75.78151086784557,10.285761744953417
628,-74.66135424552041,8.277012554584745
629,-75.66761173492343,9.806652089290408
630,-80.11899373507522,9.10017248318346
631,-81.39309092109706,10.260950889187567
632,-80.86334438681197,12.514034194263155
633,-79.34517803732663,6.080232422191613
634,-84.33230492085119,6.427388126205079
635,-79.70037623818101,3.1792362016618454
636,-83.44703731655085,9.03884203639794
637,-86.14332077900691,7.156125953498702
638,-88.52638300432575,8.38678036045679
639,-87.60682481855667,2.0635899273602085
640,-89.43143446856055,9.85347216567172
641,-88.34525825164224,2.5302108434664943
642,-87.63657020631454,4.162131590454103
643,-88.12872422109433,2.6756245579286917
644,-70.82650210898399,11.609326799553514
645,-70.19936149060364,10.38838815435726
646,-72.15115354655795,11.866683928044033
647,-72.14657483447573,13.900995883332092
648,-73.28507244147418,10.90271893991681
649,-73.11410450860659,8.138768372503108
650,-75.03400662438604,8.785776424248509
651,-78.16786079225871,13.921559174579267
652,-70.16157380535947,11.52385538935346
653,-77.69994366014625,12.106036333244882
654,-77.47089727535815,11.510210496272226
655,-75.80995197989569,11.567540216193143
656,-78.5138325079231,13.601021465710714
657,-80.48854647616811,7.072232234475579
658,-81.03689364503225,12.727386235628352
659,-82.41313918755354,5.786601190723512
660,-84.59449515908598,6.129213382579754
661,-83.81819107770296,9.062026242977677
662,-85.82686213013278,6.1440945386118315
663,-85.59070874589874,4.924318553687308
664,-86.75508837475606,5.635800476898276
665,-86.13116851666183,4.01908659110061
666,-89.72815924287292,7.365980088419409
667,-88.10104466558181,4.681072183824597
668,-89.97504848215767,7.122864310861104
669,-88.86409039968716,3.662033151051541
670,-69.43920921099284,12.717844224705308
671,-79.3881529643962,15.89524451087618
672,-71.71035522177431,11.861802972143542
673,-71.44001059844024,11.116046988223578
674,-77.47061799593233,13.844645949594442
675,-81.04969430519813,13.967116331809098
676,-75.2766939714166,9.21339644893606
677,-78.268200049342,12.11814184951088
678,-70.68990710594875,13.136850435392661
679,-74.97009950744197,10.086584455587813
680,-76.1356565242977,8.160675377311318
681,-77.49094903966669,8.431328335362206
682,-79.6311077970593,8.397588707497853
683,-78.74397737974917,5.816256252246151
684,-79.81700032175635,6.754891949085615
685,-80.96038176627845,6.764405306372717
686,-84.51791442935877,5.509841159854967
687,-82.54175795648781,4.092595720836433
688,-84.06088589243402,9.277963439652373
689,-86.1207908221287,7.554143542000088
690,-88.58287583431195,8.088653685536126
691,-88.73331501556103,8.626201511405329
692,-87.5988268007865,4.046224825268011
693,-89.18548478694444,8.08566624997013
694,-89.50037738991043,7.588992102367867
695,-89.20549032156761,3.9285564194404032
696,-71.09187228699348,9.222462772559215
697,-71.07148609572228,11.69686527888459
698,-72.04871569831039,11.733629476461884
699,-71.84568323216938,9.010925043013701
700,-72.77370146628537,11.12467139544882
701,-77.24009097710123,14.059141569139987
702,-77.0581462557059,13.871574190087948
703,-78.63350661001745,11.600291530448903
704,-69.70672492961957,12.15924091558609
705,-77.21343275945554,14.24471315408178
706,-81.29718141422269,11.129241014582648
707,-76.68839067105299,14.535045721414082
708,-78.66879734508936,6.431100978561024
709,-78.40374559402332,5.81374753732801
710,-78.53986887901452,5.0405032291491425
711,-79.8605363948045,6.379934525836586
712,-84.37137780425292,7.065525120231754
713,-79.70065807682836,3.065960991378312
714,-80.64065877408521,5.887992102411119
715,-86.14581478717318,7.422023126309468
716,-82.86799956629108,3.272762588748266
717,-88.81425177627061,8.574351920577318
718,-87.86541993065747,3.561455935953739
719,-89.532720438218,9.067732133137072
720,-89.32056566506229,4.091902895356058
721,-89.52915376482962,9.003190298492154
722,-72.42647364521287,12.209972784524304
723,-70.34301194678099,10.301866702164972
724,-72.18711625515368,10.332576950197303
725,-71.82669946602643,8.99100307059401
726,-72.25772386808305,9.155682529462577
727,-73.14868264433011,8.096695023942095
728,-74.13302413873633,9.846005593821548
729,-78.71016363954263,9.407798752915523
730,-69.89191391868516,10.510489040333265
731,-73.07379587738426,29.947030890116086
732,-72.34224523767132,29.394857400689894
733,-73.99441592993027,26.986448190036473
734,-73.1356346843861,30.04386455654153
735,-70.7503777823637,31.1292126290485
736,-70.58235395253388,31.201610843938624
737,-74.63134593924865,32.888933599314655
738,-67.71234310725865,36.4720231278498
739,-68.4118884249943,33.601451907816
740,-66.47076000237597,34.42939080268196
741,-66.1439958174941,34.00161775795643
742,-67.56657566153035,36.19861474643947
743,-63.5201448878749,34.98939326477143
744,-63.45224952383301,35.09498712036041
745,-62.22111670938999,34.47601855979893
746,-59.6017082693689,34.59454993378888
747,-62.66299872510537,38.54172382110808
748,-63.46028468453038,40.06049227025493
749,-62.910951993452876,41.90213769521812
750,-64.69224279051862,41.560919900548704
751,-60.70043472010628,41.51362799051027
752,-60.70571798748819,42.66600649150261
753,-59.00534099559769,41.70952250129836
754,-63.770946494433076,42.4198057581496
755,-60.28592005322731,43.02830929457581
756,-63.73836475632267,42.57386095879227
757,-71.36011150042422,28.07584750124733
758,-71.48313654867428,28.144528160900993
759,-71.5312113436318,26.522009602253917
760,-70.96044291056683,31.669569215148133
761,-69.70401349526077,28.155820761541626
762,-69.47185734456798,28.953577300036464
763,-74.50741631306433,32.815700979165584
764,-68.36308566251977,33.893253058193125
765,-68.5650007177927,30.55043078487029
766,-64.99590425993668,32.19766378990304
767,-63.410124547325424,32.51160465471286
768,-65.1133936644276,33.03559609710491
769,-60.68909745618402,31.486867812183487
770,-62.76752228636553,34.65799183954036
771,-61.81105681300813,33.468902824537736
772,-60.08701984863685,33.72370860738311
773,-59.0437993916917,33.4313840860596
774,-61.12997877473942,42.653977004201714
775,-60.918840948337746,40.77313781546841
776,-58.83879550921286,37.79533086220126
777,-60.651768235023965,41.717359734842496
778,-59.46719765269031,41.10498044432255
779,-58.91089480645179,41.427940487864596
780,-57.97954304988971,42.18722842296699
781,-56.73452716187408,41.580587134442204
782,-56.95276715829081,42.17771568540692
783,-73.33944695780013,28.159540492203647
784,-69.4838847148168,27.24832779228153
785,-72.02767511919015,26.7030492619705
786,-69.54079602804116,27.656171381124818
787,-69.81976487549102,28.15770773576295
788,-69.6705099595102,28.90318259410814
789,-74.50466560589244,32.799869279348805
790,-68.78392301389327,30.955202844870794
791,-68.40879143583635,29.94303228548949
792,-65.92385837044296,33.53927404034855
793,-61.63600844658273,31.23536509699512
794,-64.62551871366895,32.432887580996464
795,-61.19620766115579,31.924629363906558
796,-61.00710521847417,32.53425729547283
797,-59.78092013052825,32.3575535316218
798,-60.08251433390507,33.736613266228005
799,-59.069259205243824,33.02664011241646
800,-61.053860177594224,41.113969874933495
801,-58.231921659420564,36.5649144301818
802,-58.460473193570955,37.074903907952425
803,-59.5946399785238,40.959703843429544
804,-58.97408422901266,40.952555857854136
805,-57.193401252223914,39.643129945399444
806,-58.065544610330285,42.175041060253946
807,-56.6531224610236,40.559208059036564
808,-57.23130264352382,42.7674135354226
809,-73.48555824749285,28.479111340064865
810,-69.60583561071573,27.399486354844104
811,-73.5940564589695,27.629168556341895
812,-70.87751042730956,30.93612123312315
813,-69.59536774756087,28.919368529328466
814,-70.18449529087057,30.592687625424432
815,-74.51894641625098,32.82213847736815
816,-68.3768176983818,33.443630691060385
817,-68.6835347023899,31.127430312627283
818,-67.5654069573558,35.74821145540917
819,-66.22065258367566,34.12125903340715
820,-67.52407480490682,36.05006747980237
821,-60.7644247235936,31.83866909573463
822,-61.84554546295781,33.27439679070321
823,-64.95220193285252,41.190810531135035
824,-62.70466710837042,38.27907587432291
825,-59.98354896802462,36.68843495805833
826,-60.67172246885317,36.79100370474835
827,-62.54686542745869,39.2946078409859
828,-58.71020552539441,39.63581877386485
829,-61.739423350431984,42.224424771010604
830,-57.89320359616035,37.57645457141854
831,-57.30361290258235,41.503604147615185
832,-63.74820963853084,42.47506621198
833,-56.69146386516181,41.39973092562197
834,-57.610928168199536,43.52970311038731
835,-73.08934910119291,28.18295860278763
836,-70.7095488144439,27.50712910883115
837,-74.00055307981242,27.008415359869367
838,-70.72118213514867,28.273258874376307
839,-70.13649018022267,28.372327000177687
840,-70.50254828098942,31.051568351908198
841,-74.49672752767346,32.80954536680307
842,-68.8932398473386,30.35095927143888
843,-62.001055981130015,30.09454008911149
844,-65.40331832484652,33.03830062577698
845,-64.61070855111033,32.56376490245502
846,-64.88325665972438,32.05636828486855
847,-60.53837247639427,31.124423739088066
848,-60.478237666573904,32.12016475435721
849,-62.67784331950226,34.70652730569066
850,-61.01469466306373,36.13039846107126
851,-59.00560270927714,34.24686476723676
852,-58.59629460685378,36.811739327231294
853,-59.097828648470575,38.167329404772644
854,-57.73657147233807,36.95270070566758
855,-61.43543389006537,42.049767364370396
856,-57.78225930689727,37.34472226561528
857,-58.28756298785886,40.78222809411082
858,-57.67749199457127,43.571853186889804
859,-56.917572604665516,41.68168975177872
860,-57.217161375219355,42.70146648077231
861,-73.10023318848195,28.18464258476212
862,-70.89508746513017,26.90919045302876
863,-74.09819290892584,27.044665612158134
864,-71.95401397014386,28.580710491290986
865,-69.32224730848542,27.855768690763124
866,-70.71314650827479,31.54041403405239
867,-74.44377117140196,32.7808846050636
868,-68.73098190159003,30.9946358155327
869,-62.10739572717892,29.951277089169352
870,-64.64554074219164,32.558136140830996
871,-64.93277048785542,32.01738656567532
872,-61.2279795010562,31.307458793226804
873,-60.571008467428285,31.40606905851466
874,-60.38371739266388,31.18219539877755
875,-60.248140147543545,32.45087767865722
876,-60.85830893381869,36.00796996948275
877,-59.020831800447624,33.278074253005244
878,-62.49687248839404,39.25470021920563
879,-59.77783335027567,36.86988157624157
880,-59.140871600942425,37.50526176458324
881,-60.38091898857759,41.56333225461157
882,-61.56551048694864,42.93394626276723
883,-58.148461801921556,41.99534006571867
884,-63.62660043218971,42.44342165113055
885,-56.69039205929117,40.78250223536058
886,-57.222976763207484,42.55794894745671
887,-16.656300766172226,0.1343890149587234
888,-13.456629553934025,22.64744038567074
889,-12.707641536849378,23.754903876650683
890,-12.088801425970694,23.761073431361112
891,-13.024656259647019,25.168334159534275
892,-14.192071797383077,25.258283121476982
893,-15.294370566246718,27.131872556874086
894,-16.751130251532352,28.54915380954634
895,-12.114051585581477,29.870643424468216
896,-10.803074491174211,30.225257304629267
897,-14.395881146377487,32.61046979633145
898,-11.834516608913509,32.13583060818452
899,-10.77632837396821,30.488001791152
900,-11.93474305357804,34.44747495735029
901,-11.627338309553293,36.50570072557542
902,-11.64752550109454,37.20709543223871
903,-7.976247912728411,35.37556030982268
904,-8.375007802163813,36.235392991510665
905,-7.657289176141968,34.75258307107424
906,-16.01450629030663,15.99377794980067
907,-18.471156901382102,19.108942390708812
908,-14.989266837173137,17.280983404957908
909,-14.588853727915762,17.672950485613175
910,-14.315717793168783,15.225030400781874
911,-14.413702925027648,15.205223420278026
912,-13.495030170844696,17.962529009811554
913,-19.49496729336382,-1.8451974111544363
914,-12.229076253634897,16.720754856953096
915,-13.426622998651032,22.587578286057138
916,-13.072924964573811,23.647914215925653
917,-16.922180073962625,26.102958417415437
918,-17.901034109779893,26.760408260520045
919,-11.820484195054831,25.393705300066312
920,-15.242312443934583,27.535073127998764
921,-16.84339703691271,28.529169174986073
922,-16.203500599763913,30.414876010204583
923,-12.01450794982516,31.447599691030376
924,-14.547730225286562,31.792639516507478
925,-11.99168744023761,32.25116121916595
926,-12.916994603887705,36.21496601463288
927,-11.949982189258002,33.617174547988384
928,-11.776935543708928,36.90765914597617
929,-11.669511296491066,38.3319832419956
930,-7.66740719352866,37.367097278974256
931,-9.92626778699016,38.520553461697716
932,-10.845609344079447,38.85508454719306
933,-17.218554725114863,17.1490525750651
934,-18.982372521566592,19.10387868397152
935,-14.867507605207477,17.473888360066294
936,-14.768027783512549,18.15988445727818
937,-18.596334100321858,20.80353552075445
938,-18.135057443451934,21.58572173144571
939,-16.688579657883334,21.34126017493155
940,-17.29003480957751,4.583609016685896
941,-12.083723281653482,16.679174343191384
942,-14.58945095586459,22.582195367164182
943,-12.87547870898418,23.705129052320896
944,-14.549370087702256,25.022754927023787
945,-17.770515496708423,26.692076112871508
946,-12.215503354157049,24.980474910187166
947,-17.111098246707733,28.08844278246285
948,-15.879766398228668,28.82721966216742
949,-14.636011005194755,29.292277939491967
950,-14.666736507175553,30.755224631938407
951,-14.864321490589198,31.836023012048802
952,-12.143229837637211,32.47478544786651
953,-12.512662034208605,34.499719726843196
954,-12.595791120712589,35.67299389106541
955,-11.17045168667934,36.675670489602176
956,-11.804015333100379,38.55093697982471
957,-9.438048651579315,36.361157828204895
958,-9.376873531869755,38.28760232676058
959,-8.883163960208192,37.80583671734845
960,-18.86274237555636,18.93691468250394
961,-18.749590058073196,18.550053455001283
962,-18.89917948996991,19.37598076411548
963,-15.869227112889904,18.251299555155747
964,-16.760328951777648,19.309192635917388
965,-17.141697753484376,19.96057144826269
966,-16.66279331375054,21.326187856112327
967,-17.39277758165849,4.552462598208779
968,-13.329075500354406,17.79821149132683
969,-14.47707556716942,22.63955798581778
970,-14.77265805618357,24.634775882515545
971,-12.746262270905847,24.25855305765771
972,-17.12331271608849,26.392480555656267
973,-14.747667272878132,25.963017187138302
974,-15.549784763169855,27.18648861058276
975,-15.014960797316146,28.911035013697585
976,-14.2466466140742,30.514217212206983
977,-16.894028219149483,30.208856566083778
978,-12.05442646778868,29.870705502515644
979,-14.365448837192103,33.06929583113603
980,-12.468393063953588,35.24704762193171
981,-11.147561427663488,34.25728338249752
982,-11.0782330229091,36.85467122517174
983,-11.258868747332135,38.02775360629242
984,-11.140055566520356,38.708712186997815
985,-10.185952468925207,38.29500238339595
986,-7.666537468656841,37.31492857183686
987,-16.159146057543612,16.19648886467188
988,-16.290645900948935,16.305442748240182
989,-16.703121405276043,16.552439455780416
990,-17.03954757327777,17.419519852347342
991,-18.67867651198051,21.563433521800246
992,-17.29670119911861,21.443629750020275
993,-16.171269984467994,21.042874424669193
994,-12.764362666239053,16.47280253640268
995,-13.518240570038069,24.205509130912827
996,-13.373902056729618,14.992099747300545
997,-13.300006064624785,24.8103280782193
998,-18.23806885147553,26.96922433193663
999,-11.702659064989756,25.64629750349929
1000,-17.126599090793942,28.19313712220753
1001,-15.761369030710924,30.74249885953726
1002,-15.957740413678199,30.726052828780166
1003,-12.438066298529257,30.345335464929825
1004,-11.610852291045614,30.3514561129729
1005,-12.611297245174256,32.57077918847972
1006,-12.30025950637348,34.400182041390195
1007,-10.257153258024326,33.45872038883985
1008,-11.75372662468636,36.99977864295434
1009,-10.772610536558606,37.06095124960704
1010,-8.511707674611538,36.52583176200437
1011,-8.88438602468424,37.932654333955554
1012,-8.329389451439006,36.999033950822955
1013,-15.98630776674668,16.193503449222884
1014,-18.53361234609203,18.37467708604553
1015,-15.424752889388552,18.544400441976933
1016,-18.98142929943847,20.179800349947655
1017,-19.000561322337838,20.21304101182549
1018,-14.317537636776773,15.141124869188038
1019,-17.48335055218116,21.737769068647836
1020,-11.97984808794673,16.05220907184594
1021,-11.984064971888836,16.300589464371907
1022,-18.28225073928772,24.22677987930002
1023,-13.705537307210916,23.88177431213134
1024,-17.08468724476287,26.20500297304533
1025,-17.760875697548986,26.700028205850593
1026,-11.649844202318043,25.69662214781742
1027,-15.222360997964,27.35972716290656
1028,-14.780849956796201,29.182464325144764
1029,-15.837443214958977,30.77653941207658
1030,-14.823044729355825,31.447114313938574
1031,-14.812168524048765,31.893629463160117
1032,-13.086558891743534,35.79849819278077
1033,-10.141650234655076,33.15518336160455
1034,-11.874744037481321,35.10409003679949
1035,-10.204117944114198,36.268422667211865
1036,-10.458931957942681,36.56530088031278
1037,-10.160961306750549,37.626496897674926
1038,-10.256898591095442,38.57297773557351
1039,-8.604003431379896,37.29554305186297
1040,-15.719069678768921,16.0147861751381
1041,-18.40620107123322,18.219187446969208
1042,-18.241650999189336,19.412657404921823
1043,-15.782840548019786,18.398219877320425
1044,-18.414721967825884,21.131012399318738
1045,-14.396401451959433,15.124725372165383
1046,-17.588119255651698,21.551931658475596
1047,-13.437858514606377,17.892172155749513
1048,-40.8616333866845,-5.6636227780752995
1049,-40.375380662498635,-5.509340633582341
1050,-41.14368262747438,-5.8456335425949595
1051,-40.31801470046428,-5.228285224235413
1052,-41.744541900900174,-3.974028996062029
1053,-41.87153616819779,-3.9933967512739406
1054,-39.16625858687099,-4.16780006943481
1055,-38.880680045918254,-3.69161923274178
1056,-38.477229670094,-3.2003333928901307
1057,-38.44437871256319,-3.2310824975939334
1058,-38.330838539287484,-3.1151895242257
1059,-37.783341840969904,-1.247722579520023
1060,-37.72444438648614,-0.6438302789933701
1061,-35.43596840238568,-0.7896862967827486
1062,-35.03021653075204,-0.8834565945272654
1063,-35.285134124790844,-0.028608953144238693
1064,-35.048186544185214,-0.6716376938632287
1065,-34.90427109259437,0.016991033951413735
1066,-34.87786861054932,0.17566544425217712
1067,-30.627745516059537,4.203842905153525
1068,-30.474856427004692,16.220689600633914
1069,-30.707484401605367,16.376049472869244
1070,-30.094602260793444,16.971329243604764
1071,-29.891207746626783,17.500464923693357
1072,-29.80932673539529,17.187707009631914
1073,-41.446870847492164,-5.132085610492072
1074,-41.306406609225895,-4.872694934413432
1075,-40.898474325593504,-5.6355128129789795
1076,-41.6215962569397,-4.013297898330399
1077,-42.075993678464776,-2.5984183506939287
1078,-49.59420992034671,4.203957411552472
1079,-40.731454542979606,-0.21576118718747678
1080,-40.75175587018658,-0.06663716376737998
1081,-39.92842308882372,0.7558414300090188
1082,-39.96727724759586,0.8750204623569743
1083,-29.266617403742014,4.090271759594726
1084,-38.899024549247216,1.7172218466651474
1085,-37.71637331673978,-0.5465063193315545
1086,-38.15085106792511,1.6312633593956096
1087,37.06774688738999,23.32791325226768
1088,-35.746308220279346,1.3021863306182495
1089,-28.727124089721567,5.9034691126207255
1090,36.033944091658135,23.24258323481749
1091,-38.79377939816645,13.891110236029563
1092,-32.209689711922444,17.669126870350812
1093,-30.809693683272208,16.131013408687238
1094,-31.10813324775352,15.999742419577641
1095,-31.915914332795438,17.644686238195977
1096,-29.717910180553023,10.449251714942234
1097,-29.948442286108005,16.371850019302126
1098,-41.38850712789221,-5.019462630133161
1099,-41.799517998234336,-5.199577999015326
1100,-42.05759036847894,-2.871933413289428
1101,-47.20824034210915,7.224389508699846
1102,-42.98342941148116,-4.5249353374587535
1103,-44.713062596545484,-0.9949350445076572
1104,-41.22398367186582,0.7115375175499892
1105,-39.842217905479394,-1.1110925325755336
1106,36.08254763612357,23.26750355963296
1107,-40.203015690700674,0.9828357350512223
1108,-28.93266938418905,4.550717960028093
1109,-33.39955076993588,3.753483341018418
1110,-38.900694244164654,2.0569188695289884
1111,-28.81706778207346,5.57178849667871
1112,35.40911106986912,23.189861388987026
1113,-37.97524287090676,11.814495612622638
1114,35.34643974344632,23.18034759310977
1115,35.3642619270552,23.181998040322345
1116,-29.97212884055119,6.8519622921259
1117,-28.548734045169244,5.451718039261071
1118,-36.07795942940664,15.699098937661502
1119,-36.64506123623275,16.283310328146943
1120,-36.85398316371697,16.549192173211296
1121,-36.34716887458868,16.647218642938856
1122,-35.7333750314499,16.920221008009445
1123,-42.10700257752681,-4.9072291917946895
1124,-41.97401143607273,-5.0740268851972585
1125,-40.428301697103,-4.776340359617259
1126,-44.68535255398953,-1.1263788902741674
1127,-42.055694707931586,-2.656384845760376
1128,-41.867712557470334,1.3003667905553344
1129,-40.67836924038008,-0.6229804290746703
1130,-40.485748693417825,-0.10956104381634857
1131,-39.51772782949894,-1.161636238638459
1132,-38.39931452105192,-0.6687426259658871
1133,-38.23106201321635,-0.855445017352909
1134,-37.99912899767854,-0.6450190051525496
1135,-37.686299636811164,-0.369045440781128
1136,-37.02244705691993,0.5774263149278475
1137,-36.684191805534404,0.5867678164251602
1138,-36.55191718307652,0.6283004837860341
1139,-35.75205942152126,1.225178030480745
1140,-38.28161404745168,13.081687656103826
1141,-32.60324457746656,16.323149747210476
1142,-31.07447083184437,17.63603694801935
1143,-30.809010912297094,16.998549564452876
1144,-30.931969218016825,17.04682164447871
1145,-30.391723367277123,17.41812414113108
1146,-30.11046501306425,16.395607072897867
1147,-30.246215602855138,17.643533417857768
1148,-50.5438065244736,5.105012879556261
1149,-50.23384505906868,4.028294493484757
1150,-50.26840505317847,5.061996746912754
1151,-49.963063994054664,4.546591586588094
1152,-48.857036602846804,5.337030927439785
1153,-46.84803115162078,7.066864781664949
1154,-46.54653371742706,6.939155243183614
1155,-45.24298209752794,-0.22201021310501415
1156,-45.156423578913994,-0.09264671650081734
1157,-43.78816770388242,6.855050419913468
1158,-45.412460261167126,7.137798264375767
1159,-43.57604439639397,7.441522584119697
1160,-43.46580771497531,7.5738669552758
1161,-28.6819088709972,4.724134313427499
1162,-38.591244679032755,11.39792396409936
1163,-38.485256016013516,12.25975493881796
1164,-30.602727470717515,7.122285602555971
1165,-38.418603996718865,13.472871880287707
1166,-38.81757768611693,14.03862603253559
1167,-38.38302488229037,14.126390108155157
1168,-36.81684851104768,15.118363550854664
1169,-36.63314976964597,15.847816046791866
1170,-37.384590231287525,16.49600440691357
1171,-36.7521199523832,15.921725962412403
1172,-36.604896175009834,16.67079213551983
1173,-50.4909994762632,4.648408208981144
1174,-50.35140027977053,4.757041978081938
1175,-50.233632924126084,5.191292788027407
1176,-45.8502847638341,-0.04065826067356872
1177,-49.07082076710429,5.052790926260537
1178,-46.792206981265615,6.97818479270297
1179,-46.71491154555033,7.051036718532303
1180,-46.43921167901426,7.034273980237365
1181,-44.068046238431585,7.09373145216311
1182,-43.11932723853895,6.739198879199155
1183,-42.33508975844506,6.180422827938095
1184,-28.971467675480124,5.639905249489269
1185,-43.494688410719995,7.624607309248684
1186,-30.358548100665534,6.997352146058354
1187,-38.6420777975825,10.757819889814131
1188,-38.603817353888296,10.739777266205984
1189,-38.73373402733253,11.420535298928579
1190,-38.24547904839969,13.237001173042403
1191,-38.1654360323518,13.61578451107894
1192,-37.06558181948008,14.731046775813683
1193,-38.0833428654827,14.621834168932914
1194,-36.34052760528554,15.58948168467907
1195,-36.764830577381204,15.339886316811688
1196,-37.90108861850776,15.53198865737552
1197,-37.28303430962158,16.660992709751447
1198,-18.507841164872183,1.1827251444279476
1199,-17.96164236906974,0.385419677067056
1200,-18.679165833354222,0.18980540469646887
1201,-19.05724367713608,0.42861617325363593
1202,-18.401886576362486,-0.5427151139997024
1203,-19.43050388158865,0.04466883139962884
1204,-19.93789671709526,-0.877227723696696
1205,-19.474353552215277,-1.9413821545798982
1206,-20.447214674502835,-1.5924536612640103
1207,-18.91255701090754,-4.235405528270671
1208,-21.168639826138833,-2.0229632878383184
1209,-21.4433164981844,-2.0613774773008537
1210,-21.350888690297936,-2.274995923827404
1211,-20.865016729628557,-7.3768532978988155
1212,-10.853580760180728,0.2842730373236944
1213,-20.696583813780386,-7.999749499293112
1214,-21.76915928868703,-7.560047918510284
1215,-20.38988115988647,-8.2560517479953
1216,-23.833738607352103,-8.423196990830574
1217,-22.742871206014385,-8.619740233627134
1218,-21.116418181081865,-11.399117599004715
1219,-19.63302885265301,-11.5921806080423
1220,-23.88480265223429,-9.643031513839935
1221,-22.927165735016715,-11.605262156262743
1222,-22.715394576032384,-12.800221414197594
1223,-24.220365095453023,-11.803871643479424
1224,-18.51805127141613,0.2273827282640388
1225,-18.198708762323367,0.4488867528074595
1226,-18.384169013500344,-1.3748753263445364
1227,-20.926899678751724,1.1211360173729752
1228,-18.749554376029987,-1.4782961343007495
1229,-16.21652713720123,-8.231104957910784
1230,-17.203929419721327,-6.136506305856709
1231,-16.198155085520945,-8.288840315249928
1232,-21.35199360051736,0.07185266706728229
1233,-18.783187938295747,-4.304874167038913
1234,-17.121589648808673,-6.240523763738954
1235,-19.473748954397674,-4.365305762561325
1236,-21.518785867305507,-5.673680232479102
1237,-20.86105232110751,-6.749795308427329
1238,-21.71306996862568,-5.738352434169114
1239,-22.603967720833225,-6.616352311836942
1240,-21.461893760993917,-7.64226631486237
1241,-21.6897509133911,-7.5745444903836
1242,-22.728529645343414,-8.338769093519906
1243,-20.397166082018174,-11.503745861434046
1244,-22.52147938207924,-11.213394483476824
1245,-21.112435466116946,-12.058200952311047
1246,-21.960916334999297,-12.218291947190064
1247,-23.455111590654166,-12.292087753817182
1248,-22.050643485259737,-13.000448490339124
1249,-20.313548772583932,1.8161908449444752
1250,-20.43685169186199,1.7184830507558722
1251,-19.42269418247542,1.237566982998672
1252,-20.662232319608407,1.5646781934800045
1253,-20.805727020845513,1.0382324882155052
1254,-17.25227273581096,-6.1298288446497144
1255,-21.34998105309984,0.41869600429098547
1256,-21.438308292474417,0.33186409964320235
1257,-18.418338854181986,-4.337655340823234
1258,-21.259913503913257,-1.946583005006408
1259,-17.119848247625036,-6.222669759363531
1260,-22.28896575719438,-3.720221239064814
1261,-18.46209990843021,-11.2027643150084
1262,-22.304016629981774,-4.031272886054482
1263,-22.054445177674314,-6.932549023723898
1264,-22.446233467789728,-6.8786187511632395
1265,-21.249717804466805,-8.792016887233272
1266,-22.621404255480606,-8.538494700941087
1267,-23.678984784805575,-8.939596190658664
1268,-23.17832078633544,-10.75395891722588
1269,-23.41336025717566,-10.861215886045814
1270,-23.78271503883059,-10.843008181248456
1271,-24.016365318274445,-11.546363379749108
1272,-24.480064029222675,-11.158964454966748
1273,-23.743737285755124,-12.185378304584221
1274,-15.515798514081855,6.069741331453037
1275,-15.656899974206548,5.992761215583906
1276,-17.973016543355683,0.07308214957351701
1277,-15.859854183947153,5.062408977876207
1278,-18.34347644777305,-0.42198050734411124
1279,-18.835939658469453,-1.157535993985857
1280,-15.902563990854217,4.249058883494877
1281,-21.156919710041823,-0.0639707219981828
1282,-17.72479745568524,-6.7746461898894035
1283,-20.474714294136398,-1.8052055407503782
1284,-19.43742635071212,-4.36630334485383
1285,-21.59719098792719,-2.301148504216347
1286,-19.339226102240204,-7.575712641866189
1287,-23.415125940923186,-6.621687573158711
1288,-23.16930118375199,-6.7540587247080035
1289,-22.010230574766528,-7.188039797671238
1290,-19.88526132140894,-8.071126965208604
1291,-23.556951463744785,-7.302156138707674
1292,-19.488861067348633,-11.529343410001928
1293,-22.92801093491506,-8.675654601166892
1294,-21.007814627473586,-12.038843743228457
1295,-22.573783740906247,-11.098285777500658
1296,-20.839287819593228,-11.549850216986652
1297,-24.340430071049795,-10.849835764882604
1298,-23.218684131478092,-12.256518482969636
1299,-24.44161587812511,-11.178714484754046
1300,-13.677824245912184,6.855688956558721
1301,-13.91612434123841,6.316290238338805
1302,-13.856504585718866,5.946340807011959
1303,-15.967034908904386,4.072050999209405
1304,-13.622487673027072,5.572087551261284
1305,-13.176858874232865,5.013087496455577
1306,-14.343370527524225,4.44885630190979
1307,-12.598724682220762,4.1349589069023605
1308,-12.630592697391384,3.9767661840889574
1309,-12.252878450326213,3.9806826692412067
1310,-12.818145591649284,3.2806361482963564
1311,-10.50613987630782,1.1110961052348305
1312,-11.150188507178061,0.4692958163049808
1313,-9.333481562757934,0.15809170561984223
1314,-9.051423120283957,-0.04281455310065977
1315,-10.759407257598228,-0.4367478083857663
1316,-8.898923770021964,-0.47203597878709397
1317,-10.630617249074508,-1.1238045096822475
1318,-8.640260038482376,-0.7491836681683941
1319,-9.089304997908233,-2.0275340291188644
1320,-9.112157207015056,-1.9213764408992917
1321,-9.990992925294233,-2.431470149685842
1322,-9.904226140401162,-3.2809651967964886
1323,-10.16886894133609,-3.493566616847175
1324,-9.849779545192611,-3.3535973778803534
1325,-13.887316566477601,6.5773493820709135
1326,-15.788450101808362,6.202115510793994
1327,-15.431730927957032,4.950245303910329
1328,-14.03265980942833,5.751836842933374
1329,-14.43427297506668,5.525441040009903
1330,-13.788005253616126,5.121567263236034
1331,-13.56389836622301,4.9739328803601275
1332,-16.019484583729906,4.061789589377278
1333,-12.660364887435312,3.980743744936142
1334,-12.67187975392872,3.607829640509786
1335,-12.474319288163885,3.6013289515457627
1336,-11.03784343195501,0.8464146038986561
1337,-10.952708059823165,0.4830910328032922
1338,-10.522406591291768,0.3877178634434147
1339,-9.118532787025893,0.09757922495485469
1340,-11.106326698269008,-0.5915767656786455
1341,-11.277831985182438,-0.432958709575515
1342,-8.657742227163181,-0.6758251590025549
1343,-8.638726047367546,-0.7869889635749026
1344,-8.943847473864915,-1.7385648407523686
1345,-10.135565923252466,-2.4819604303017346
1346,-10.241909623257683,-2.8166206993574177
1347,-25.385407958267777,-10.344499950709885
1348,-25.319863594332393,-10.351254047626616
1349,-10.107144663888043,-3.473317595044991
1350,16.212881428509096,-19.161535415510084
1351,17.49813970998533,-18.63567489498557
1352,23.469332389077614,-14.847582118217336
1353,15.296708895995963,-17.806136141406107
1354,17.660242485978596,-17.19873828038951
1355,22.997193890519927,-14.474693743930972
1356,17.571433011986343,-16.46904050107444
1357,22.611204671552205,-14.681572787619853
1358,18.945242255469118,-14.8155063371178
1359,22.95684525276551,-13.206294335361582
1360,19.168223513295466,-13.88552602049631
1361,20.851076018130286,-14.051208539502868
1362,22.987980487401533,-12.921121130360817
1363,8.752424635696473,-12.188687398949726
1364,6.535786295219871,-13.065212118452074
1365,6.198298835385159,-13.876265014124138
1366,6.016001851219153,-12.22581997101024
1367,5.475883519108219,-12.089014091555196
1368,1.5168105834828942,-12.601852399299618
1369,-0.5289217061631393,-12.739331119102786
1370,1.0870260641894214,-12.026306079131096
1371,0.8184924214036301,-11.066125558333827
1372,2.9857711163770206,-10.843396176100368
1373,-2.00963411363211,-9.725824483033714
1374,-2.3587727360359247,-10.412434752920488
1375,16.27457492472915,-19.914703396895668
1376,18.232106962943288,-18.131207950546106
1377,16.691997382268855,-17.48513515786752
1378,14.107572867146162,-18.627604377684108
1379,23.17046199731263,-12.79415830343903
1380,16.310379897471563,-16.848505979104083
1381,17.95253490345942,-15.949281107002049
1382,18.876292613985044,-15.909987420433943
1383,17.53971892012995,-14.659494783873077
1384,18.60204467248324,-14.928849409786507
1385,14.275590971125562,-13.981233810228918
1386,19.561282442547498,-14.980370470027925
1387,8.35354910106634,-12.474663000204204
1388,10.753567110029643,-10.9821014702001
1389,10.52301987039814,-10.256155879309242
1390,6.672497728084325,-12.087526760816907
1391,6.140237642548701,-12.026097586278134
1392,1.6693520092439933,-9.938066608760678
1393,1.4925912298866344,-12.16710456644128
1394,1.020054561744599,-9.31976426675427
1395,-1.7563684804745967,-11.527112519157612
1396,0.8189673119786285,-11.153190582905799
1397,-1.9855399118212347,-11.000734190411457
1398,1.5500979687335439,-6.678231760768373
1399,-2.0305043878415154,-9.816252850852548
1400,15.903597658319596,-18.838394785286926
1401,16.255125687165243,-18.562872880127504
1402,16.807410087482427,-17.365330888568998
1403,15.240523422842129,-17.124337535306477
1404,14.928716194468615,-17.024591976650903
1405,15.937842213296662,-16.95659491580476
1406,14.908432481469555,-14.628003541793081
1407,18.97926237006717,-16.674395799674635
1408,13.336038607139406,-15.253416057895809
1409,17.204028266122005,-14.029799297593357
1410,13.267881496669593,-14.881123351647409
1411,19.614109333052276,-14.807252540969335
1412,10.094705474790773,-12.459506190155269
1413,10.676954256662459,-10.595422149217997
1414,9.494479046131248,-11.212426230428191
1415,9.085108087963475,-10.756265449596171
1416,0.37205221937985994,-12.657543000459365
1417,5.745705455267847,-11.683889624125422
1418,1.3516230488665881,-9.604040580721223
1419,1.2620662923989125,-10.777740405615669
1420,0.9889732176967593,-9.270250257695245
1421,3.0560971878232084,-10.99246261071472
1422,-1.4369591974314861,-11.268401075950385
1423,1.4641162372142267,-6.749149682919014
1424,-2.0153032744315285,-9.370383229602123
1425,18.28353612913086,-18.314634362058854
1426,23.69975146830345,-15.018536940635016
1427,22.74196382905541,-15.05832878746941
1428,18.284252484160476,-17.535624478374856
1429,22.7738473090584,-14.866863021602688
1430,18.837843942630112,-16.913864011014404
1431,22.885904587453094,-14.595095565011176
1432,18.560419978806145,-15.363125411326346
1433,19.025068463338666,-14.962458191384945
1434,20.214234125361948,-14.343018417377118
1435,20.545420970359018,-14.130130398666518
1436,8.24189841776557,-12.544266957854074
1437,6.267285598625961,-13.738116482342933
1438,9.054687393786626,-11.547614260622593
1439,1.948576826034034,-12.839866759577466
1440,6.05306049297116,-12.257291683072765
1441,2.585167638541061,-10.150498866049992
1442,1.136788304009518,-11.83763808407811
1443,3.162262324188133,-10.997402536138342
1444,4.923897665618358,-10.258206661790677
1445,2.7474321282767318,-7.693079701111536
1446,-2.126881633925189,-11.685470107062805
1447,4.852796741862363,-10.186495492608682
1448,-2.4028285725628598,-10.388953645943737
1449,16.31107667814715,-20.020503781561544
1450,14.25976565347412,-18.934757784443732
1451,13.787298582314039,-18.358645004663934
1452,13.354472173724888,-17.71695798095034
1453,13.827382685542057,-17.24886666320419
1454,12.770431295689646,-17.668121098947537
1455,17.36487745503427,-14.160797343684656
1456,13.320527469850285,-15.320844924622696
1457,19.441825924581003,-1.5860480867270337
1458,12.924585209722208,-12.161196106426049
1459,10.755869738715877,-12.563077514446709
1460,12.529632409735001,-8.82288065096104
1461,11.737025437150418,-9.596488914882224
1462,11.990872126585083,-9.726488428934864
1463,11.460857711531839,-8.867134840098775
1464,6.791563772294773,-9.181792622637474
1465,9.728031507229126,-7.849077157267862
1466,3.8186986002907313,-6.497033440260805
1467,3.3180427908770813,-5.9394927638209465
1468,3.163824278151724,-5.476685100461613
1469,2.757611935207493,-7.480448844414936
1470,1.5764873716866743,-3.590968997079357
1471,1.5707907470864302,-3.531070695855318
1472,-1.9639974561612397,-9.242273688209577
1473,14.68787060037365,-19.13990958808989
1474,14.421880303372582,-18.949046475237722
1475,13.141390884300257,-18.39760705974391
1476,13.439712886383901,-18.32665907180948
1477,11.884070324360573,-18.576936257816616
1478,11.858342568860238,-18.546153669806078
1479,12.546190313777712,-17.69970117067603
1480,14.004257579306318,-14.140869785929217
1481,13.126069102215142,-15.816544168172635
1482,19.39747301600235,-1.6007818865490515
1483,12.917575926538467,-12.16656685372411
1484,12.851295922726457,-12.029131743008092
1485,11.79166930555482,-10.657002018439623
1486,11.844101346282493,-9.2094499907324
1487,12.203713023403152,-9.84782071943723
1488,11.632153119486308,-9.49300050528205
1489,9.847693536549535,-7.858466027372745
1490,11.284499403423903,-8.647613345299604
1491,4.279054597765511,-5.88072133716866
1492,2.86542821253172,-7.78829156139047
1493,2.8063139058037536,-5.54163501647817
1494,2.8371331856838196,-5.914532576414688
1495,4.789639952905752,-9.752155758773315
1496,1.577274756162107,-3.6203709092353717
1497,4.670921873951167,-9.194923226877314
1498,1.6492040172818259,-32.2987208982226
1499,2.0407709829922878,-32.28970924254639
1500,1.7275909067029733,-32.36453094671397
1501,7.9429110671920835,-27.44936303414275
1502,4.3692033062649065,-28.074553018375642
1503,3.834307836314234,-29.493389617737737
1504,0.15807766764471592,-29.014716293046757
1505,0.004116393440624936,-28.198888364771854
1506,-0.8673977391472614,-27.46751791092566
1507,-1.213298853168502,-26.69287192598754
1508,-1.7373724571598543,-25.76123300157029
1509,-1.409673807828623,-25.21432249168509
1510,-2.471631432403184,-20.982736506244645
1511,-2.9212664652571867,-20.47708564663405
1512,-0.2954726733073198,-20.013271067356442
1513,-1.8170844611201984,-20.235122492225283
1514,-2.9276907906109666,-18.44328970960387
1515,-3.5186253731836286,-16.916943684847972
1516,-2.014490561037225,-13.561866935540172
1517,-2.0720700233957046,-13.381194142538007
1518,-2.2165754911354556,-12.778472791153874
1519,-2.54036253902493,-12.086227853874655
1520,-4.093940452566219,-11.921455964844654
1521,1.4895863739790232,-33.43515204535278
1522,2.3131149782653275,-32.7669558808961
1523,1.7515944487079402,-32.48735115899068
1524,3.8738157341736965,-29.872002913963026
1525,4.235780994803728,-28.233582217601942
1526,4.122480018653196,-28.13562688150179
1527,0.1950017351858334,-29.002655842906503
1528,0.28375064554073226,-28.036701394440467
1529,-0.20626265329229923,-27.565196496410167
1530,-0.23104850699388615,-26.606978504365806
1531,0.7388315875542673,-25.737491627036547
1532,0.12032266412579608,-25.550711182013117
1533,-3.0257109696638875,-21.223920966172976
1534,-3.129554805899672,-19.891983401958278
1535,-0.3080435492586798,-20.016732008908754
1536,-3.3024621314159956,-19.008641523042506
1537,-4.545916908110788,-16.84084910037191
1538,-4.997313737075813,-16.254006470026493
1539,-4.557492261327854,-15.868698126899897
1540,-3.443360878141605,-15.125444661163325
1541,-2.402874974753577,-12.482756743292429
1542,-5.397218102494386,-14.312366422415778
1543,-3.7950412247460026,-11.472259590969397
1544,2.223830510422071,-33.17585353939324
1545,1.9772630101479556,-32.53882692974354
1546,1.5054616585808078,-32.9556951105664
1547,4.17464930849448,-29.383964793795375
1548,5.4810224474189715,-28.046407484728174
1549,3.9273531153106496,-28.222513769993952
1550,0.04464949511785305,-29.266566008289768
1551,-0.18081971078669606,-28.12213210184856
1552,0.22016307345911018,-26.544352650069026
1553,0.7249313661834681,-25.832511546252825
1554,0.27657603203497244,-25.562616979954626
1555,-1.5929612047341857,-25.37555898667997
1556,-2.7812401358905627,-20.890192886057896
1557,-2.8104754439160757,-20.061190598011713
1558,-3.2464004303856644,-19.43053475898601
1559,-4.0081250417818275,-17.430377445392537
1560,-4.495171465136826,-16.849396840575945
1561,-4.874669540969761,-16.344800740671523
1562,2.886623170224482,-9.085186446067954
1563,-1.582407887225606,-13.005575315769105
1564,-4.9082959373313955,-15.093924532404905
1565,-5.269921907970228,-13.900747680524441
1566,-4.0602118190081855,-11.813220723391936
1567,1.9541875431941962,-32.9714057316737
1568,2.1214712517670757,-32.371887090542636
1569,1.412018203758006,-32.35111062331184
1570,2.294145441438974,-31.91867838270773
1571,3.3646913827596707,-30.1509266545767
1572,0.7810335106202806,-29.30676984960484
1573,0.3584266995639123,-28.418700029696932
1574,-2.5423828686956025,-28.43498462438938
1575,-0.9731133609280562,-27.612571284679436
1576,-1.1540977474507377,-27.3857413459966
1577,0.1308194498641074,-25.885308033178386
1578,-1.1902337620020849,-25.262588897578087
1579,-2.7803908205809327,-20.727704577566936
1580,-3.1474691043826777,-19.68040547581692
1581,-3.8618336860857987,-18.44809236776066
1582,-2.915790898836385,-18.62955333809833
1583,-3.814016407811458,-17.25118044763546
1584,-3.7494986426827523,-16.821597396505695
1585,-2.7401567751419558,-14.562340926977516
1586,-4.015635406914394,-15.44171625300819
1587,-5.468672988066595,-15.065795925315243
1588,-5.4138849897410415,-14.356188764181455
1589,-4.184305633369726,-11.96458143631048
1590,7.333023549169274,-28.452332594933242
1591,6.750640206071727,-29.029086489760385
1592,7.218080365891639,-28.04810573947624
1593,7.548699913162751,-27.445868053643487
1594,5.754038540562156,-27.23632156622467
1595,5.3672836272885425,-27.420587991361096
1596,5.616580761740356,-26.84858000916119
1597,5.403364237342348,-25.338430745492786
1598,5.061884904706049,-24.975334940918184
1599,4.83252659437232,-24.833065088376653
1600,4.229621454644224,-23.54546063689067
1601,4.227459333547882,-23.63156637868391
1602,3.745897373439935,-22.008090942082617
1603,2.6807925662154943,-20.24101200403675
1604,2.595848029620412,-20.193760144470065
1605,3.1233106019457324,-20.793449121640187
1606,2.873807343224854,-20.37527108752408
1607,-8.652328755757841,-12.974402286110436
1608,-9.341405717892048,-13.180383670062332
1609,-8.932760738420354,-12.448622369632337
1610,-8.991644635475017,-12.27601856958691
1611,-8.71445867762826,-11.153162120170295
1612,-8.71836005100492,-11.127456896003821
1613,7.281461883700465,-28.36825705964366
1614,6.694741297389477,-29.124183150317613
1615,7.185116505727337,-27.94573428114956
1616,7.234424913571891,-27.431058053158583
1617,6.7252984118154275,-27.150721762472855
1618,5.488486108304375,-27.284116730083486
1619,6.225537200472181,-26.259955398104466
1620,5.640604433994317,-25.48015674620475
1621,5.191455787758556,-25.11075184990575
1622,4.925768132100235,-24.848127990848546
1623,4.246933771469488,-23.218618165714734
1624,4.22006630387239,-23.32033522095996
1625,3.7785049343185273,-22.088994251730323
1626,3.5810714584611327,-21.627151251783587
1627,3.2889831918057872,-20.483383209388528
1628,3.061282777458436,-20.665318041906513
1629,2.5792377487225604,-20.098269605119988
1630,-9.425751316472073,-13.227020502728633
1631,-9.140728643153782,-12.938938772846347
1632,-9.324866746338708,-13.023881140630774
1633,-8.948156584417019,-12.081620418610127
1634,-8.736821826802151,-11.199360560702988
1635,-8.690654603935654,-11.012614335589115
1636,18.456001317212895,-33.015491322343244
1637,19.24399067141473,-33.01045909177386
1638,16.245443728117483,-31.134536962179084
1639,17.244305969680394,-30.82919347746693
1640,15.478147601402851,-29.946983583946434
1641,16.169363160361872,-28.619313529954432
1642,16.647746417463722,-28.645494405428092
1643,15.407111499188435,-28.980236078599482
1644,15.435812098645076,-27.26233485899524
1645,13.453492250978798,-4.356975337095484
1646,14.099405235643317,-5.847388698929984
1647,7.795208656958364,-3.3681322143963097
1648,12.076224410211294,-5.933530377375984
1649,11.327626347920154,-6.0149524394005445
1650,6.920033273114024,-3.122830141023524
1651,5.770126508291936,-5.458786944304627
1652,-1.137856391475762,-5.806556176575932
1653,-4.459828815677556,-6.882996480925555
1654,16.259466782526616,-32.84473244281203
1655,18.88068611389212,-32.452345086468014
1656,16.03909728829803,-32.63305175293477
1657,17.361451775107597,-30.988111974519356
1658,16.3943647827429,-30.08221899685553
1659,15.75144880907704,-29.352234136638764
1660,16.71275392932792,-27.317836550318724
1661,15.68321610170776,-26.95940713011521
1662,15.628936821571198,-26.818938937779613
1663,13.376330986607645,-4.721942593935486
1664,13.847462765965496,-4.058591086819771
1665,12.30704661319521,-5.90845559080391
1666,11.300044204828353,-5.853682735349087
1667,6.841217641378785,-3.620751328932844
1668,5.78742911186192,-5.412416470942456
1669,0.21198583171483487,-5.577768411413405
1670,-4.3695617279254195,-7.935969273230718
1671,17.427487406911077,-32.76491049407241
1672,19.3567447643647,-32.73659085286015
1673,15.903472841973342,-32.71908603543035
1674,17.50445092696162,-30.9624467187946
1675,16.273478922663152,-30.021368052622478
1676,16.37002087514091,-28.20217404056824
1677,17.544283442493303,-28.254989155019224
1678,16.366366746218617,-27.656171645226223
1679,15.537421111470653,-26.774089276381414
1680,13.401343793423173,-4.532692422577981
1681,14.009161589035582,-6.158367303357825
1682,7.951584370778392,-3.291838067223571
1683,11.221232820365572,-5.963418850302422
1684,11.385512884715473,-5.937427590473998
1685,6.125364491903734,-5.266137897246876
1686,6.634576163795208,-8.77891427361948
1687,0.4530426774760323,-5.61189125751831
1688,-4.363292609645181,-7.940210970396463
1689,17.263544582560936,-32.787206753190226
1690,18.41275466561887,-32.6293168599559
1691,15.832602545843018,-32.77211911796408
1692,16.30717769187704,-30.89187076772736
1693,18.607895562188478,-28.82894431776552
1694,16.168722228924032,-29.23716462117867
1695,17.485886366255993,-29.00475957901486
1696,15.264892152405862,-27.888371379567502
1697,15.54660144262512,-27.07947474805311
1698,13.680649322955475,-6.296806841718403
1699,12.627476025869667,-6.121322091352867
1700,7.7523389414024235,-3.502374901445295
1701,12.999980906213551,-6.449778731101221
1702,11.30618853405558,-6.051246772365591
1703,6.863143647397596,-3.6774689703151733
1704,5.705891031937404,-5.403895760413142
1705,-0.32027747994271455,-5.808964197087524
1706,-0.4889789863127351,-6.027856916293877
1707,16.94466152056292,-32.694358568378355
1708,18.915117478852427,-31.935022744145236
1709,18.289503281815247,-31.268882735648983
1710,18.65359723435121,-30.985139373270815
1711,19.274142902184025,-29.28482351368664
1712,18.715336370829736,-28.71163018983797
1713,19.02935319430739,-26.710114665356684
1714,19.046901668139242,-26.72404323042104
1715,17.34570596369924,-26.84537930341119
1716,14.640845374691215,-4.486617425146574
1717,14.147469598702202,-4.273976958484687
1718,14.175061645870484,-4.964675679973924
1719,11.724033545214024,-4.0384966993841305
1720,11.752107753877814,-3.0489808891630825
1721,10.651895056328287,-5.32829063855387
1722,9.248363075334732,-5.26586964754247
1723,1.686252081321392,-5.500498214827734
1724,-0.10698074888884045,-5.930405902350627
1725,18.31849957088197,-32.55084637237844
1726,18.804502640855425,-31.521175116326305
1727,17.8601610241932,-31.040508469436435
1728,18.772318417411984,-30.842254095974546
1729,19.19525745319115,-29.44216893789401
1730,19.161437314042132,-28.312387499578826
1731,18.77782646605066,-27.639445859296757
1732,19.018745558640475,-26.691077787666877
1733,18.676757387980125,-27.2500794402564
1734,14.979034435494402,-4.345324403178591
1735,14.049492894570742,-4.232843404207059
1736,13.981345054918592,-4.3581366530899555
1737,11.660016665618985,-4.1338620871705745
1738,11.032739127562973,-4.666284913544127
1739,10.781289133743478,-4.9017826795290915
1740,9.253466796768652,-5.17711210181574
1741,1.8606609606750208,-5.4277427344351
1742,4.705074493814977,-9.18274597577205
1743,-51.165428903064814,0.7083590175691701
1744,-50.241649164566134,0.9226621207974359
1745,-47.48966723196262,-2.352981871506684
1746,-46.648021523223356,-3.174647536097668
1747,-48.10825804365831,-1.3113265038490973
1748,-47.858063238935486,-0.9342239561590912
1749,-42.26862731946243,1.5294569296174756
1750,-46.99888236292247,0.6831193954822362
1751,-44.36857167307922,4.194261301692772
1752,-36.54046320746034,6.819161573180055
1753,-28.772996392337802,5.647411885269277
1754,-34.0929394824392,5.663530274587572
1755,-31.4340069723118,4.450550251887038
1756,-32.128229459876394,5.02525001360898
1757,-33.31570941043776,9.388129639563804
1758,-28.55039266599624,6.537345387163888
1759,-29.84574753899594,10.433589969657783
1760,-28.405967118203165,11.817046088408123
1761,-28.055565343845956,10.716420249461645
1762,-51.85153125886335,1.6871123479595314
1763,-50.61146040221701,1.7360278724853004
1764,-50.88507592177483,2.048815596076176
1765,-48.806783376566166,-0.11560891591717114
1766,-47.62627493049796,2.5614657862222843
1767,-47.80846624209477,-0.26235963053375294
1768,-46.63675051721685,3.5041077472519206
1769,-46.51347373255036,2.16671200682085
1770,-44.35726582418308,4.179711291242833
1771,-33.9284271139514,4.881214611946801
1772,-36.81616864444594,8.055753812610519
1773,-33.61126125747028,5.314011962443956
1774,-34.99706733007879,7.6084493998976255
1775,-33.92898823435603,8.376341966582714
1776,-33.97884242494479,11.22810380191947
1777,-33.886034914634756,12.664205051838806
1778,-29.98527686026199,10.34455640104435
1779,-29.1568877647733,11.046862864190434
1780,-28.289126126658562,12.024978208301338
1781,-49.009343418402395,7.529291519780982
1782,-51.51862657130185,1.8337538327816978
1783,-47.31356694762304,-2.773674653861953
1784,-47.43261810772419,-2.662592708869178
1785,-48.147218338303276,-0.5454265997290886
1786,-47.954432157018985,-1.3640309295528352
1787,-47.2399723807944,3.460373792197219
1788,-46.156091940282636,4.924071986063346
1789,-44.46781781081767,4.21765867397386
1790,-36.48852364801993,6.9654974956481865
1791,-36.488470469296715,7.521777420127668
1792,-34.269218264265,5.989758859595479
1793,-34.49921097036169,6.809755263647983
1794,-36.47275755349979,9.928449915039772
1795,-35.193128984666515,12.794816578723946
1796,-34.13730385800765,13.267504497924149
1797,-30.716913160463424,10.672046570362316
1798,-28.83524551755342,13.122042056545798
1799,-28.937519273724607,13.385091805060835
1800,-50.64008324756984,1.1107907564721926
1801,-48.392778711999185,-1.5118444383492644
1802,-47.36400355709282,-2.659131068554526
1803,-47.3865550650765,2.2847575859513816
1804,-46.75431555782284,3.3086448798653776
1805,-32.95660266874984,3.4999473098949525
1806,-45.725709290873354,4.6066017902835945
1807,-35.530820921302684,5.388984709064492
1808,-36.47897785181495,7.316837978440134
1809,-36.637778902500195,9.69957659609716
1810,-34.15699681451409,8.066858436652263
1811,-34.41571995386118,9.469768968489241
1812,-32.88856409660165,9.106392440017629
1813,-33.44020426622338,12.064246896510827
1814,-31.307577938513017,10.899786139346268
1815,-28.688842030431676,12.868626819915486
1816,-28.32176130717175,12.095613993242761
1817,-51.99981537128242,1.6257330701743509
1818,-49.85634676045152,1.8418000988346572
1819,-48.95054961074718,-0.045010173279064584
1820,-48.89596000550944,7.471931488010813
1821,-47.68622286867553,0.4996569185874145
1822,-47.51140431341656,4.676729275717513
1823,-46.74448525548014,2.9063327974562063
1824,-32.34300160651956,3.448191905538219
1825,-45.73954712050361,4.734716889718704
1826,-35.49235707202704,5.351607837938198
1827,-36.490806523689876,7.726630167342629
1828,-33.96519335902919,5.770934589648457
1829,-36.636240615506175,10.150911957318518
1830,-33.587147737571776,9.045553162644051
1831,-33.470844160992314,11.846497182962658
1832,-33.99794770885498,12.843499951421684
1833,-34.7551953696328,12.707311312654637
1834,-28.92049325249228,13.511378143843313
1835,-27.727210134025157,11.18345578880393
1836,-51.06613509746527,0.7987821308086763
1837,-50.00924854811181,1.395509994818437
1838,-50.92578246272041,2.040250259337271
1839,-48.89678084424086,7.425461347918489
1840,-47.63715609635683,4.440806294675646
1841,-47.677201953144994,3.650928910445174
1842,-46.42986026689728,4.3567778370026335
1843,-46.18002798930498,3.3658575318449095
1844,-36.15398656208211,4.86963706797565
1845,-34.32052844610779,4.998894221148883
1846,-36.641278364298635,7.8498635740550435
1847,-35.43128777827503,8.49593638481732
1848,-34.796294816679726,7.530768308274609
1849,-34.40061158377151,9.380811563783675
1850,-34.26336560487923,13.39431570557677
1851,-34.12594544812004,13.259892311314326
1852,-33.12685688226856,12.380572498919044
1853,-28.88124736747927,13.068842436852945
1854,-27.692514604182232,11.164970540152643
1855,24.228347151534262,57.163766916968406
1856,23.889268854034178,56.84325239229136
1857,23.33998802307497,56.72178348530638
1858,22.747558382204165,56.33645124189146
1859,22.122495966933844,55.86608482693912
1860,22.343187488802116,55.383503051288386
1861,20.83162702308999,55.00392195222637
1862,19.427138130854832,54.92024467986006
1863,18.719387201662748,53.644784258186554
1864,18.30094316778968,54.74922713772566
1865,17.97438926939186,54.57443337617297
1866,11.54138014290171,57.18427925198576
1867,11.332312014568561,57.606919709415784
1868,10.94087603597627,57.72305740921924
1869,9.878082720836167,57.59235786865799
1870,9.22108269330929,58.5815312109156
1871,8.468561876449598,60.175726979037414
1872,7.137923778346546,60.10933018925342
1873,6.814970988023515,57.679369222031376
1874,5.812644683323764,57.381872701818644
1875,5.782067351046666,57.00929783920588
1876,5.3409275546814206,56.97171691693994
1877,8.527755169808186,64.11183884178523
1878,24.55702274867281,57.235046466687216
1879,23.726350187385197,58.33564561203919
1880,38.224218844119264,23.54355876666748
1881,23.12737720241255,58.915343490754275
1882,22.341251312579644,56.0015303087284
1883,21.104731390551372,54.56953060608886
1884,20.776955034824933,54.67797478125704
1885,19.449003132021854,56.24802175944195
1886,18.833518223573233,55.456908076979275
1887,17.818799807621478,55.50784532231817
1888,16.977990832010626,55.61096296755145
1889,11.858604279327446,58.738465721424305
1890,11.616282955518747,58.90108729589956
1891,11.189818620643212,58.97133860320041
1892,10.51965139970152,59.27128735880333
1893,9.560431024369628,59.49203672143887
1894,9.009591682795357,60.317614855951334
1895,7.260939773322848,60.056680507191835
1896,6.768277200123379,60.2367000717654
1897,5.708251448884381,57.52768126212173
1898,4.746458542148866,58.25217083060247
1899,5.104826557063804,56.711871181834006
1900,5.110861243481847,56.62858369160576
1901,23.95116706803835,57.67791560019889
1902,23.763818035502823,58.20100622134509
1903,23.263691887238952,57.12708416640453
1904,22.79525636637475,56.23808692703198
1905,22.55189249570973,55.75480018744024
1906,20.604366153293064,56.34367371577563
1907,20.73890565216243,54.64370655276455
1908,19.211203718657206,55.594634501681725
1909,19.012002159404684,55.8120318854208
1910,18.616614415853654,56.0314072313295
1911,17.663990123168972,55.32157225335455
1912,11.863284641554486,58.65530172364671
1913,11.73621786255339,59.23063080692158
1914,10.688025897812517,57.31007608290057
1915,10.549259179622984,59.13547909291189
1916,9.549459107641246,59.14583932733546
1917,8.839414638368252,60.76983898429947
1918,8.711636413450462,60.67617776554574
1919,6.638993930567787,60.235302792276855
1920,4.942508524276522,58.06593789883116
1921,4.6603036323183815,58.35705139832609
1922,4.939269956739427,56.93667019353196
1923,23.881644677277166,58.189830069350634
1924,23.557532970084836,57.14989109679022
1925,23.253148267087663,58.660080209700766
1926,22.90473674068216,56.048434807596735
1927,22.445631540969767,55.91324713951358
1928,21.38983164396862,55.92043682929087
1929,20.651024311523138,54.97799482077286
1930,19.268191486933038,54.959346557224656
1931,18.57503142930974,53.88859601836687
1932,18.52580133264682,55.492661625563805
1933,17.43358674493399,55.3863298361714
1934,11.662848802390686,57.936982359055854
1935,11.874224471926567,59.2895268874398
1936,10.607466445926176,57.13618657817717
1937,9.664058526104741,59.045178036514066
1938,9.31767454039263,57.44898531151696
1939,8.1461498878495,57.86286570256907
1940,8.71095874927136,61.0661489972646
1941,6.795915508216507,57.704178524021785
1942,6.059398607391788,57.2757078762562
1943,5.519880573621406,57.32390570404271
1944,5.06706486381465,56.93013275906476
1945,4.71848064010821,57.28505015632142
1946,23.568827180479495,63.320163875578125
1947,24.731312614320316,55.896896480366415
1948,24.431383666247367,55.93303996765891
1949,22.361872911015574,62.04830690654938
1950,22.010051490920763,62.23482422329644
1951,23.070428847087797,63.64123948903111
1952,21.32162915205108,63.24700692201207
1953,21.063212320220046,63.39908285450951
1954,20.656433447596225,63.40809764754199
1955,16.81184760962473,55.73032639212555
1956,12.702469761010311,62.78289747421251
1957,12.435859176003003,62.90584260291943
1958,12.07103487971476,62.92797272701302
1959,10.60027381203203,61.41472879827406
1960,10.472348370443756,61.44746795955694
1961,10.523609924958217,64.81304472542733
1962,10.627953282833897,63.18399877387896
1963,8.448357023774767,61.713968385622195
1964,8.167471399873172,62.80401771830912
1965,8.532375273939072,63.8277473150727
1966,8.707584794829842,64.2897988744441
1967,7.228057357975631,63.179847300438595
1968,23.533082709610433,63.3612554227005
1969,22.525161727907577,61.991891910155054
1970,22.602925635610482,61.46389720269271
1971,22.07058899000033,62.26128497277403
1972,22.129701628801122,63.057369723212624
1973,21.487458840027806,62.810318395987984
1974,21.378492093269934,63.30814426942299
1975,21.09745354573518,63.31176475232501
1976,20.798289264053683,63.39977609352635
1977,20.00344199022809,63.49889904607174
1978,19.912447475964125,63.51345794184111
1979,12.639276853986386,62.75352874599931
1980,12.510309900707302,62.929020167798384
1981,11.863116894964612,63.205531229614834
1982,10.975813231925262,62.02657415400167
1983,11.158461163882526,63.03479886582309
1984,10.473918932992959,64.85185000132444
1985,10.208529408833453,64.91568145087697
1986,8.370013788116978,62.117983807567114
1987,6.970505100343236,63.35902531571064
1988,7.161646792183452,63.309676096180176
1989,9.338854719365482,65.20345997545392
1990,6.954900792929083,63.332791926599434
1991,29.478440093947906,-6.489189973195877
1992,35.9022057128383,-1.0415681438761701
1993,35.89629386856325,-0.9816074114660961
1994,23.030081333618117,-1.094849588967565
1995,36.02030962693614,-0.5551852335308873
1996,21.391520455234925,-6.174380732009223
1997,12.287934008350339,-0.011159963778165832
1998,10.86537013596839,4.628136283658285
1999,10.976034792237213,2.9913188680833467
2000,11.77264077109614,-2.259377405965878
2001,7.49826776218178,-0.8002544605020404
2002,7.485669621690026,-0.5501483822657232
2003,7.366145577460758,-0.8433774370049217
2004,3.9748493075020246,0.6838395968362403
2005,5.192628392569446,0.38000568893001546
2006,3.645943629938778,0.8399943903206057
2007,1.6319916411042916,0.20623024939200663
2008,1.6040351451748276,0.4509424039114308
2009,-0.11833813027059153,1.8971527456802044
2010,-0.5606365111575937,3.000435243537566
2011,-2.142739124439748,2.7463610445174935
2012,-1.2051086777630446,3.393515493881307
2013,-1.7451997967239892,2.697247867423907
2014,28.445646315905773,-5.832010863344001
2015,23.871710520231392,-7.835625252606589
2016,23.90611289534538,-7.962943917289947
2017,22.145632814430336,-6.133884934336356
2018,21.720888527604068,-6.329126906372303
2019,23.70004157345983,-0.8124582133854399
2020,21.366955480800446,-6.668541168035475
2021,11.619945845047882,6.1207246151106
2022,11.190875581016133,5.21261221480423
2023,11.161799022959475,2.173851413271532
2024,10.194124188458833,2.9120435813920134
2025,7.463651879783152,-0.7237345513832804
2026,7.161457066178767,2.911032756163746
2027,6.618228836323407,3.0198111248431383
2028,5.051157173977816,0.9653201733015839
2029,4.508352461487765,1.1016079298407158
2030,4.28754675270737,2.3268253055350114
2031,2.0364845392224478,0.89341046945717
2032,1.7302927330988018,0.5362714923060683
2033,-0.45838931901472935,3.045210532250151
2034,-0.12142901980955122,4.481272859103079
2035,-1.2772071224643586,1.3688059666941796
2036,-1.238048153057511,4.089970979096726
2037,-0.6833221580798995,4.643079595978275
2038,34.53703420447227,-2.4873893839635
2039,22.942166431081237,-1.2729805247063024
2040,23.89252751490139,-7.942053854777034
2041,21.843994927521624,-6.044020422411631
2042,21.846454108078692,-6.6910775676899785
2043,21.593081361512102,-6.0946808040497364
2044,21.12489142162083,-5.714922836207028
2045,12.516349451637986,-0.11461658694266232
2046,12.153860048157812,6.346784606084934
2047,19.69225795070575,-1.0496997070615837
2048,10.753680150321856,2.098287486160309
2049,7.506474943059059,-0.6788548595062641
2050,9.365685511485774,2.736582212802877
2051,4.87838115409754,1.6323119665461296
2052,5.211767956624967,0.6256569954962854
2053,6.010625238792488,3.1347865659377634
2054,4.597765827465102,2.5241353066465115
2055,5.323495411868323,3.4109620672596868
2056,1.654024548161704,0.45279610689217664
2057,0.012064889443561502,4.2459963573217845
2058,-2.4958778224451743,5.641271723208704
2059,-2.170929496803226,3.295798830825668
2060,-0.9854594018234037,4.23802105072686
2061,-1.2615410279644124,4.183711858908073
2062,23.80612694657499,-6.931532675982146
2063,23.767200225172463,-7.006936466970018
2064,23.679252008506193,-7.0448978097014505
2065,22.58854325733564,-5.563252065076196
2066,21.983384692679067,-6.207617442126166
2067,21.64758487822856,-6.6957951596090615
2068,14.073419477770107,2.559529081291662
2069,13.641190049744571,2.693839985968298
2070,10.91725026043393,4.693522656754116
2071,12.040225231470243,-0.9381976699971439
2072,10.820019395778557,3.0237541212880625
2073,7.244175548183574,2.6699532855023334
2074,7.010875253868645,2.780904322763101
2075,6.94074761854799,2.9380252528670274
2076,4.6757540944234375,2.0087737615583845
2077,5.648867254897133,3.2152386101761476
2078,4.231182179654019,2.1462064871507396
2079,5.076395913622801,3.8807870948799166
2080,1.993679167876866,1.6383117967607685
2081,-0.408554072042189,3.186025819946974
2082,-0.9191914829930676,3.3128208426541965
2083,-2.6200634856836666,2.3784592195450864
2084,-0.8441274162651807,4.6838713108246175
2085,-1.1225697807492636,5.0978166911340645
2086,19.868808321633196,12.859729972243104
2087,15.322099328121743,5.8423100982716765
2088,15.317014954790778,5.699033121118276
2089,22.76796976691203,-1.0007102537710508
2090,13.38759842488851,6.070862396653505
2091,13.991565546871273,2.659711438788191
2092,12.868373440961173,6.149853735426678
2093,11.16635379800366,5.158998618104052
2094,11.635503927925201,6.3227495595852545
2095,10.656919902381173,3.9122524488096984
2096,10.378223190518215,3.5150656761348857
2097,8.213327193519824,6.036370958888774
2098,7.818989768365865,7.07468239758392
2099,7.025314203706659,6.822492820552966
2100,6.9995622602171546,5.9745934434578665
2101,6.413914701917902,7.220622640052404
2102,6.066516344200269,5.799512929615878
2103,5.531525395040396,6.440564597608145
2104,5.325249086701069,6.377051029913255
2105,1.4876663198219002,6.6541462766882065
2106,0.584075360802943,5.675237651840952
2107,0.283958987504672,5.350913416563756
2108,-0.42564294596599833,5.458668672763871
2109,0.838481060254543,6.6513356930527525
2110,19.801693048278054,12.840415847187261
2111,23.009973765465944,-5.581495445399555
2112,15.258573354443524,5.741541803318163
2113,14.277680805858125,5.592733849567831
2114,13.326517905271512,6.141382547521939
2115,13.976374618568894,5.509990136462188
2116,12.847521914469706,6.136627661649653
2117,11.692199394768128,6.152628860386032
2118,11.571167857349101,6.394348860481816
2119,10.623757917182227,5.055977750524836
2120,8.397873783157456,7.023508711572465
2121,8.125833776587873,7.123353026080619
2122,8.04381127020465,5.516814958280261
2123,7.187479226382524,5.839785193041044
2124,6.887928447141558,6.701428978369889
2125,6.393218033990554,7.073172349641391
2126,6.22976244554198,7.403239056832392
2127,5.576427851485087,6.475363337838867
2128,4.733449640821265,4.0585305293771405
2129,1.5108719727966138,6.584699022591726
2130,-2.2137759708381646,5.590037439459432
2131,0.5883494640049215,5.669961256916569
2132,-1.9083484555379242,5.5144489103077134
2133,0.5963987661416793,6.5230443357089065
2134,31.096988109920243,-6.561522563333871
2135,31.25532646361067,-6.192525882183759
2136,32.89292034074125,-3.127276945961864
2137,33.535744611197266,-4.5822771155589805
2138,31.778674421166127,-3.7736552134159704
2139,33.87447459269196,-1.4534199972992898
2140,29.200179210209633,-1.813070495882619
2141,29.028121739466222,-1.6036741876878313
2142,29.251608427243127,-1.0597543842275583
2143,34.14552902163383,3.5586904733788245
2144,34.06798081395016,3.8097223927316057
2145,32.81804507366114,4.9454168562986744
2146,32.40427390541788,6.170358410979835
2147,29.60996906815259,5.54741198345061
2148,32.48781656403781,7.082906542777737
2149,34.521497071495084,8.153469482625226
2150,34.10156372467591,7.826476667716958
2151,32.15146006368979,9.256068740536577
2152,31.45106547732287,9.423226104321126
2153,34.01651632254619,10.493894891088225
2154,31.68580297895871,11.6399771147082
2155,33.98704755391555,11.55302055323276
2156,31.817763043090565,11.92253364266105
2157,31.48676187726136,-6.100820458434645
2158,31.824509461225187,-5.363815826082214
2159,32.92610101287839,-4.000761746654092
2160,33.00607237625511,-3.9458734727765226
2161,30.01702322142797,-3.713464484714231
2162,34.07317903263644,-1.4282320938005262
2163,32.04971718861288,-2.339140577983118
2164,28.187639362082482,-1.7468644425008386
2165,28.84153022846203,-1.355065574174269
2166,28.675991185424873,-0.7434875752296758
2167,33.88890928445605,4.155373398453286
2168,32.93919345381273,4.826376906945042
2169,34.63560331098279,5.520011675841652
2170,28.632494094030072,4.713505510773053
2171,31.546617476124727,7.104423089673008
2172,36.62145760185116,9.785369955290399
2173,29.2403605950557,6.816453127881607
2174,28.51715572132805,8.032375349165024
2175,36.42728544119023,10.000439874553045
2176,36.86584162854751,10.686185436873796
2177,31.783328925015,11.177030486741364
2178,35.78211159221514,11.087752030825763
2179,31.756709713996568,12.115699742978348
2180,33.12359574770747,-5.012722629755994
2181,34.3798155453408,-2.971418357456952
2182,32.80344999889905,-3.7627093659012165
2183,33.40786642557562,-4.412042186083422
2184,28.376098201398037,-4.9238562086918
2185,35.304915433104306,1.4919415366719226
2186,33.22666476053425,-1.5121243507489248
2187,30.137696786315693,-1.6503677643225212
2188,31.815675261507796,-1.986641708793558
2189,28.155872562941468,-0.12723104788249667
2190,33.90678325778327,4.125183814296593
2191,31.369114806544893,6.296512446314941
2192,31.38374520019509,6.768116464630912
2193,34.21553501155978,6.761411933010146
2194,29.215370913645653,7.63110009562155
2195,34.737615044958794,8.31789928443405
2196,29.27074989506226,6.5300057643488785
2197,35.09108814651127,9.03403327608793
2198,35.02734228466627,9.31060416572266
2199,36.4036711553651,10.886538083519804
2200,32.88774053124449,11.208034219695218
2201,36.377267651480075,10.879905299119164
2202,32.461184551325104,11.54058252154302
2203,31.782823409790804,-5.695710739618063
2204,30.834518979047438,-6.448093934282858
2205,33.41843014696076,-4.156840637481874
2206,32.3701952098993,-4.115820681949949
2207,33.66100603454263,-3.1220659407045037
2208,30.459707722905964,-3.453843704057624
2209,32.22541942048211,-2.5085864728745575
2210,31.056551629099054,-1.5101089980963283
2211,30.157749837630053,-0.9644696541341633
2212,29.72193215641131,-0.9257757349805109
2213,35.197608373622714,1.822730379749533
2214,32.29508144336251,5.913554476855989
2215,31.3602894433143,6.813873929498117
2216,30.190839821046854,5.459772525382437
2217,31.110029616722702,8.102765206495631
2218,34.632970766581266,8.369945485107072
2219,31.87869452861063,8.882449387491116
2220,31.166449612727824,8.691794757627711
2221,34.91148165126644,9.54642840325392
2222,35.87573951772078,11.050877094500102
2223,32.46977365535382,11.221372596022974
2224,27.571333648474262,8.652545346622677
2225,32.70469003664703,11.586721449426609
2226,30.023502936788038,-5.874903018988974
2227,28.7533661097441,-5.943017616035883
2228,28.353889049221195,-5.4692643000919325
2229,28.430690482675665,-5.272257172604801
2230,27.491995228557737,-2.9945872035899233
2231,27.741513080298294,-3.2849261824623945
2232,27.431351188308273,-2.7856641960179758
2233,27.583765075584797,-2.145416929725423
2234,28.0780179579319,-1.0375488439389926
2235,26.919993626857433,-0.06807194523273877
2236,26.79770248622542,0.27619392947358595
2237,32.49121100958351,5.37005159057
2238,26.583309067901375,4.975402006293611
2239,29.02849929591499,4.550722223176909
2240,27.01476299921764,5.534632264081676
2241,34.483341958170165,8.020292870648618
2242,29.03539387905368,6.5410274462309745
2243,28.67863430035006,6.626862071115193
2244,27.384957856394063,7.831532251672613
2245,27.78510471226839,8.395741238456107
2246,35.21787138615605,11.418479639196802
2247,34.07109348397275,12.542268844840002
2248,31.554167742285156,12.267736708299179
2249,29.866333974515012,-6.083824004670693
2250,28.617740236393793,-5.352832791982638
2251,29.78250349659018,-4.29222114749994
2252,30.467276399183664,-4.0677536715902685
2253,28.80261260817127,-3.562118932707104
2254,28.573555927152633,-3.329556512867395
2255,27.8490564891466,-2.526505488412726
2256,27.47694759029028,-2.1609078675129987
2257,27.010762692655565,-0.31939108166175223
2258,29.717404376246733,-0.76949774359468
2259,26.798978486317054,0.24230442414091213
2260,32.835216626979125,5.069900617675356
2261,27.120385346547497,5.436851214219769
2262,28.88818342992369,4.489364383335428
2263,27.872158588950267,5.775878202638318
2264,28.77041667269106,7.6236932248852245
2265,27.352088709715403,6.862883954655364
2266,27.491780857529914,7.909145631831139
2267,27.332627818213158,7.00665964082528
2268,32.14058650619565,10.862196332089106
2269,32.81089490934791,11.425965407470525
2270,33.998485276393126,12.681690872987264
2271,32.38027569592801,12.301335825124061
2272,-53.85573766875094,15.523480168696953
2273,-53.49564454802334,15.850477528190487
2274,-52.22004781154876,15.374267415160693
2275,-52.1579041216254,18.793731601307822
2276,-50.05114824588136,19.767604011138246
2277,-51.8556851603488,19.698083467189726
2278,-49.69585489297778,19.97467016105809
2279,-49.420203506720625,21.838451340490202
2280,-47.3700975831506,21.524571535584048
2281,-46.71777739599572,21.1077353160146
2282,-46.809820277237904,24.29429685199013
2283,-44.934308615686156,25.624353695805155
2284,-42.797471737541315,26.034200916169535
2285,-43.15931678719866,27.93261098975765
2286,-41.42126477299884,26.758909382497695
2287,-38.85079575087155,26.173369827233202
2288,-36.20210289314264,27.469572345409336
2289,-37.498518994513844,27.441832562134547
2290,-36.256113317749254,29.479981838176368
2291,-33.40954746867928,28.911596205308406
2292,-32.36824498882028,28.34500639753584
2293,-28.242500856127094,6.21428173432514
2294,-29.64464652296961,28.845122533996268
2295,-29.35916629656842,29.04118599467527
2296,-54.915932009923544,15.964961582552224
2297,-53.73177100992191,15.865380717098134
2298,-53.34006918868154,16.332569942308556
2299,-51.45702382968604,16.877995871143625
2300,-52.13572931028517,18.921881190431147
2301,-50.89513853311401,19.955900276823165
2302,-51.9756744529854,20.246375106257958
2303,-49.86763675133143,23.839359514636104
2304,-48.040229613769405,21.439625476926384
2305,-47.11243627915302,22.50850264014596
2306,-46.895537539226964,24.663798682073207
2307,-44.69517684191979,25.73646980432454
2308,-43.42242210955902,26.608267290216098
2309,-41.92079656867288,26.13798726324079
2310,-41.49125943276908,26.50745973269355
2311,-40.752844010241255,28.09090473226804
2312,-38.22019768183072,28.426279309334763
2313,-39.82357889092748,28.58492836593613
2314,-38.002935512871595,29.32983438834703
2315,-33.50030136217621,26.731772444591694
2316,-33.007516242323675,28.124616952686672
2317,-31.82159993420325,28.012585660772935
2318,-30.23958346662224,28.328467108456504
2319,-30.028921104598084,29.50169722394545
2320,-54.338400035590595,15.785344548550361
2321,-53.68970954990885,15.801856800134017
2322,-52.268011427139704,15.340968338794939
2323,-50.304614054633156,17.572024336496245
2324,-52.02615475740292,19.400826260747724
2325,-50.14337225416107,20.261659344341087
2326,-50.009686641335165,20.577203724438792
2327,-49.78512929369036,23.0655571484234
2328,-47.09618634273098,21.371371873879202
2329,-46.6305590680991,21.092102142016913
2330,-46.67079280994457,24.371800503762383
2331,-47.012318316298405,25.89060211659263
2332,-43.493439060754994,26.542630086044095
2333,-41.15919524032696,28.833611567538203
2334,-41.493936875814924,26.578403959118365
2335,-40.81866826481266,28.510671804448407
2336,-38.22426123112726,28.43622217135495
2337,-38.08683558880535,28.69501656662122
2338,-36.173653218259474,29.475077910165947
2339,-33.46550094858775,27.45073212113138
2340,-33.37305903499813,27.087702518479748
2341,-31.642584365785765,28.10136131998969
2342,-30.20710174627992,28.360316414977806
2343,-29.99486288428608,29.37206576703583
2344,-53.715407984655656,14.269603324353636
2345,-52.567664519904504,15.452550401296847
2346,-53.67231908826044,16.601059097171582
2347,-52.368730293644155,18.499466519421134
2348,-51.64077426345082,19.26283354130781
2349,-51.934139878397936,20.282783362517662
2350,-49.65744971540445,20.52539877233832
2351,-49.84361565764412,23.24918577515385
2352,-47.8939627905438,21.386087713418824
2353,-47.22156305525216,22.883380492135874
2354,-46.23611718124074,24.000803484701382
2355,-46.09124749821911,24.350331539443186
2356,-43.49179580837216,26.63697237972387
2357,-41.83168026658282,27.047819324234894
2358,-41.63202746097169,27.585413967976404
2359,-40.617633853802836,28.591830922362995
2360,-40.04189127618173,28.479029582444703
2361,-35.943223352404374,27.47350530822981
2362,-37.951694595267384,29.226833608390926
2363,-33.88931158340682,27.984719439464467
2364,-33.08364168699822,27.35199428667984
2365,-31.55179801567263,28.054982127799686
2366,-29.641154551040987,28.52448126743208
2367,-30.041925811368152,29.575258279254932
2368,-54.24613207974255,15.210173960574872
2369,-52.314138510862726,15.166244215148943
2370,-54.38334418813752,16.79025357193905
2371,-51.72984746811282,15.016649827083482
2372,-52.04922237792766,19.19172596447487
2373,-50.30362140138172,17.80900731682209
2374,-50.18910236910815,21.618583143344143
2375,-49.631402245733454,22.389047449460882
2376,-47.945581718957,21.52783322938721
2377,-47.227356005586415,24.04826341361299
2378,-46.942635371883824,24.814511487950266
2379,-46.83851023741264,25.632980670215463
2380,-43.61232435512601,27.349702557745086
2381,-47.11712726824718,26.609351835753284
2382,-41.92463735808684,27.581762254977605
2383,-39.897493055268725,27.12299859693674
2384,-38.716106101184074,26.268089192480485
2385,-37.96535139262124,27.391446227461298
2386,-34.76403946661006,27.56862301078773
2387,-33.66839563281754,28.116058354492154
2388,-32.81650951732968,27.46104745321915
2389,-32.11741263479895,29.580556765332865
2390,-28.88528508207131,28.427125118567087
2391,-31.664801924670485,26.9483404810182
2392,-53.26478206567494,14.847334735622736
2393,-52.8860964284157,14.548389099493809
2394,-54.85691650797622,16.69227417450451
2395,-51.747757936870826,14.989343493539605
2396,-53.9517240501619,17.471804122213385
2397,-51.01030849423324,19.687975292521706
2398,-49.984431724904326,21.661633593071766
2399,-49.324564466408994,23.617522236669465
2400,-48.857229239187426,23.35427488692271
2401,-48.67583645543901,24.077037409383035
2402,-47.13861489108438,24.65683748667879
2403,-47.15781262114801,26.44425887060816
2404,-43.64352227861538,27.0799017218589
2405,-43.21649936121913,27.155698024705973
2406,-39.93335525233164,26.75219220121196
2407,-39.79222253643448,27.006968321844937
2408,-37.2801633487812,27.561820176381232
2409,-30.53903402938828,10.157121466822137
2410,-34.67916860897436,27.731130409919285
2411,-33.539857087930265,28.180393942885832
2412,-32.77238557514441,27.579380125025626
2413,-32.17566836154253,27.30676639829478
2414,-31.464763290312302,27.647420973735773
2415,-30.336024212573815,29.772387013324394
2416,17.185297687073934,14.168849338014457
2417,16.97858937818456,13.859343957699268
2418,18.25524144799163,14.651373396085331
2419,17.190095420647022,14.29278947889217
2420,15.732261428947453,15.154942726391436
2421,21.216529200938226,15.489430002118173
2422,19.404311937060974,16.994206488010043
2423,16.302027191871144,19.105713832215343
2424,23.22772493170126,17.809014344782266
2425,23.417985606862477,17.41616600129279
2426,17.698087393599298,19.303073556602172
2427,23.18079072654619,18.20515946354069
2428,24.297071451586206,22.490155848799194
2429,23.263051675189516,22.500920464177728
2430,23.291662970987307,20.15164109149916
2431,23.680228177365557,23.237511592276764
2432,24.15238097443652,23.05777758028546
2433,22.240127793121253,25.58770621495042
2434,25.911120454403274,24.683820129838228
2435,25.548609979918293,26.367627517336185
2436,25.46321768536205,26.823412508785324
2437,12.540612589239405,15.533388828875676
2438,16.396957722307448,13.661249191379659
2439,13.638238656106626,15.709377988185594
2440,12.946255213356975,16.33937470622679
2441,13.445886916878656,16.763193218497015
2442,13.939190153626164,16.773260309591112
2443,19.44327825513569,16.99712734888882
2444,18.484500164918614,17.855956393192077
2445,16.313995200682665,19.179508074900287
2446,20.720962027967538,16.329748467918524
2447,16.13897073968508,21.092867593664323
2448,22.630282474530702,20.63883720810492
2449,22.809577096350576,21.075498841724595
2450,23.65352030113699,22.375714950611474
2451,22.707605747838464,19.081690697535564
2452,23.293674749893917,20.658614673385628
2453,23.008316216272547,23.987157541621027
2454,28.521106165169435,18.44135617989288
2455,25.345846100768053,25.003743924272552
2456,25.198967200648895,26.471717798538045
2457,25.040655175938404,27.487979429005527
2458,12.346509581619266,15.605999064329929
2459,15.308829099348973,14.678446040949163
2460,14.305243287878715,15.463353061871
2461,18.46666211818759,14.525733464213781
2462,13.716958647181514,17.14747248835017
2463,14.037050048040113,18.132760548913215
2464,20.14809372105851,16.587510209651224
2465,15.39864077015104,19.706815402657792
2466,15.664042415083394,20.726996860941952
2467,20.55923031771426,16.421897935952927
2468,15.930454872022166,21.53252556034616
2469,22.20562928376381,18.600222312276657
2470,23.21325708196541,18.365673660495407
2471,21.31401139488204,22.121401284206435
2472,20.39999242848493,24.914578835999137
2473,23.31498087847383,20.2874459015086
2474,22.668982399718494,24.81788650122057
2475,21.2277377156939,26.199213907945275
2476,23.137555438490686,26.020004632962596
2477,24.101043609011064,26.73159988110857
2478,23.30895142747731,27.50662559672252
2479,11.791538754088013,15.582204810032765
2480,16.82127815053149,13.64653373350296
2481,14.247352212318672,14.940734507709044
2482,16.208089543984162,14.826892262306908
2483,16.04782095979233,16.187197001429766
2484,14.801626686243688,16.59967331142378
2485,19.783323151576948,16.65034242103081
2486,21.83504608884173,18.313211487853934
2487,15.361449915918737,20.081548974022468
2488,18.73174391983719,17.823178538492012
2489,17.22133721817622,20.394722417082516
2490,20.85216072420705,22.826486915993335
2491,24.663327792774048,22.18117888590713
2492,24.324620007049546,22.489710640753742
2493,23.31804957510157,22.33438619757947
2494,28.504771042618792,18.456781483775732
2495,24.19198274878505,23.060734238523146
2496,25.50129338760583,24.87037967909074
2497,23.29788087821192,25.38373592957393
2498,24.762554963775894,26.64493976595817
2499,23.665073232712768,26.832044821660986
2500,11.761053841141429,15.588430809022178
2501,16.86799768623942,13.769474639118402
2502,15.407821598074358,15.062634896811208
2503,15.637356659243434,15.162051349479682
2504,12.908320892554025,16.435070009832415
2505,13.626711985601265,17.650976743419726
2506,16.67807407471218,18.66518967351076
2507,16.026865352625187,19.813664945147718
2508,15.669121510752385,21.392167211600732
2509,16.864890062573465,20.32862675454045
2510,17.19391903604456,20.494946441554827
2511,20.56908437013746,22.487770344976777
2512,21.90683497418382,22.979699183696958
2513,21.0698708767894,23.714153964600055
2514,20.285081508552008,25.514903360681572
2515,19.857694182135837,25.647451558500972
2516,22.042874944520744,25.155512212516836
2517,21.914042572124604,26.073511998115947
2518,21.69875648573701,26.357427660484426
2519,25.134171758583037,26.371343388280444
2520,23.415529021532294,27.43781819270076
2521,11.68543607641865,15.6046406144207
2522,12.709096622832183,15.78155521920006
2523,15.625242400345927,14.762344773986447
2524,15.02667226845252,15.586857530057442
2525,12.814866220134453,16.466238847401563
2526,13.634127029489404,17.701905393284232
2527,16.60720736851435,18.140617908302836
2528,15.087671338788256,19.298827724260857
2529,15.427058675061442,20.245104732322623
2530,16.487158025920152,20.33125409008173
2531,16.674825244379324,20.04469807606392
2532,20.965881724812377,22.65815690809134
2533,20.682416159275267,23.382845182499928
2534,21.097205769297627,23.946359021696303
2535,20.606803649758035,25.6591215356377
2536,20.285812025121057,25.557704976339167
2537,21.177791396209017,25.835505404663937
2538,21.723389319480596,26.095681204391052
2539,21.349076955943804,26.50722635639221
2540,23.800995732214,27.030623747238444
2541,24.60630486408103,27.66327392608596
2542,-10.3001029620907,-34.00870760461063
2543,-12.17984994759283,-33.5147455973694
2544,-18.577546297133512,-31.94999132225279
2545,-17.178575602511728,-33.79808812965986
2546,-15.388340817290928,-34.4653705653409
2547,-10.252248890769817,-30.773145578590462
2548,-13.535799616117476,-31.987791144605332
2549,-13.685887570608113,-30.10263519559319
2550,-13.256388963632318,-30.52860305024837
2551,-13.694302506695768,-29.43165846375609
2552,-16.76889788948432,-29.84941416370502
2553,-11.509469710321037,-28.809105643235124
2554,-12.820826836867768,-26.452966618512562
2555,-12.8179717671516,-25.56865848893533
2556,-15.81642103483711,-24.28248717099238
2557,-16.82212246792664,-23.236189447973093
2558,-12.748373114398435,-24.143207633703348
2559,-12.82671146078143,-23.96790725239163
2560,-21.772124993584953,-24.918805702537178
2561,-15.27389205710989,-22.3557441156612
2562,-16.452831636978797,-22.13851980250409
2563,-12.35793219706225,-21.640242989180535
2564,-10.88973732830794,-34.10986822338335
2565,-17.18214042789798,-33.930486558544324
2566,-11.13950057603826,-34.11205976975418
2567,-15.624785080194345,-34.305804808993265
2568,-12.429284116970937,-32.70025839765444
2569,-10.581212779072574,-30.80786874980387
2570,-19.27750327405203,-29.636082606324656
2571,-11.19022027711866,-29.693418064977305
2572,-13.622215115799976,-30.756621358502752
2573,-16.130932801222887,-29.97277870226194
2574,-19.60227943147603,-29.22261080915214
2575,-11.51222462301173,-28.287592479192554
2576,-16.77655580697628,-29.18075831940415
2577,-12.945520210042798,-25.555546965544973
2578,-19.473006060857095,-24.493462236465543
2579,-19.960049511547016,-24.565349788056032
2580,-15.429819531070889,-23.637345311490638
2581,-16.939095782255666,-22.880572057682517
2582,-19.836023974865768,-23.78771537575145
2583,-19.455322967260436,-23.595783945619168
2584,-15.278657826851317,-22.243160592327925
2585,-20.741955401278265,-24.528604777025777
2586,-10.682520376667243,-34.09584462115661
2587,-16.57988045910809,-34.07931886880072
2588,-17.74416546861047,-32.92417596079902
2589,-12.435720471515808,-33.30856257390103
2590,-18.791982604892706,-31.688844728891667
2591,-13.193726088195987,-32.34061690458905
2592,-13.705421752575912,-32.05331282030737
2593,-10.613469399263503,-30.273001266344618
2594,-13.123353764847927,-30.556423456169995
2595,-17.693322793584475,-30.504930743343643
2596,-18.454859460331555,-29.977343636822017
2597,-11.753169184831656,-28.001938244104753
2598,-13.027355112559754,-26.315179167237076
2599,-13.404779632195332,-26.138864001174777
2600,-21.710639156096782,-24.923403690388277
2601,-20.577328021488725,-24.73015640647744
2602,-15.530203497082868,-23.71386668124016
2603,-19.033251179694552,-23.841468447426642
2604,-20.29871262797223,-24.188213025438113
2605,-15.45840192897815,-22.378126192448285
2606,-19.282289448420194,-23.292468499681085
2607,-16.937248583462544,-22.13481863273633
2608,-10.581454179318177,-34.05000742199676
2609,-16.8110063101696,-34.17918969474079
2610,-15.782388357643548,-34.10039820752585
2611,-17.134731968684434,-33.816964379326365
2612,-12.92274372676598,-32.29844164949325
2613,-13.950572090978133,-31.969989091323697
2614,-13.948846232535766,-30.094271493862927
2615,-17.820045903549218,-30.660443402098643
2616,-14.264170444830457,-31.353223256626343
2617,-17.173182044541004,-29.94284929918214
2618,-11.800311641601809,-28.06250423468635
2619,-12.974326060686817,-26.42828624114216
2620,-14.124488560609493,-25.421656568397378
2621,-17.04142616566807,-23.98482765418375
2622,-15.10758417994907,-23.55935909414275
2623,-17.38941182336951,-23.93411670955907
2624,-18.89219865743134,-23.83387946401687
2625,-19.153857008270325,-23.56365208905354
2626,-19.082210881202663,-22.92731648447559
2627,-21.27803629415366,-24.50268362112328
2628,-12.437427698006083,-21.677611362379963
2629,-8.820130865093576,-33.321453138341056
2630,-17.651902399910114,-33.134269009355926
2631,-10.683036194419635,-32.494549504576824
2632,-10.474894414167851,-32.30110154488307
2633,-10.214032056727653,-31.849977125041164
2634,-10.183415251725272,-30.829845447195822
2635,-9.769903116914259,-30.50132584491455
2636,-8.642357039536206,-27.158799936492578
2637,-14.335728910924386,-29.773573184964757
2638,-9.538508453901338,-28.280475944537947
2639,-13.299313811576958,-28.88414725679828
2640,-9.189316930494734,-26.766555540456547
2641,-9.779838403103156,-25.02512049418063
2642,-9.708928067397961,-25.06240937096266
2643,-11.284740196928718,-24.90145663463484
2644,-12.45649231391618,-24.326020921998932
2645,-16.974457736114154,-22.89522239991277
2646,-11.437983013268141,-22.953445816667003
2647,-13.16425905272324,-21.96547701772527
2648,-13.217693827023988,-21.809475454785012
2649,-8.765687124709425,-33.33066806480866
2650,-15.62156191326547,-33.944738429115496
2651,-14.592760833012989,-33.754598402016526
2652,-14.758333579981933,-33.71464490666515
2653,-14.985378866314122,-33.30139884933614
2654,-9.627657961916903,-30.510693139901456
2655,-14.185614702751273,-30.036189900485557
2656,-9.31301868729943,-28.28277498178222
2657,-9.683609291173523,-28.56437805006194
2658,-14.99218622143718,-29.865060503230133
2659,-12.689157920592999,-28.271663485396235
2660,-9.399665826192146,-27.364241899083726
2661,-9.35947775168095,-26.056988654173995
2662,-10.750127916107134,-25.205079059767282
2663,-10.589783143765937,-24.509571220608283
2664,-10.674066853021856,-23.943078537088276
2665,-13.285332300717434,-23.09899662533064
2666,-15.838128871412318,-23.777864172613764
2667,-13.25234814342263,-22.715790828744
2668,-10.895451192622318,-23.04184046828844
2669,-12.024266343633991,-22.359491248313848
2670,-12.652595213028613,-22.0236143167673
2671,41.752839095506005,-5.679548247500803
2672,41.73570657273256,-6.178571623946139
2673,45.388795731986164,-5.988359268365952
2674,44.17044643479207,-3.820533999525845
2675,45.338410342205954,-5.345443037100607
2676,45.46092898549919,-4.901742449698204
2677,44.405770223700614,-2.239784223345513
2678,46.42144439487292,-4.071699823525649
2679,45.16086352019115,-1.9017064722266266
2680,45.438540183953094,-1.639383422518756
2681,47.38523350862649,-3.273146979782997
2682,46.328923530524214,5.445075935485334
2683,48.110637611764844,5.594948116465624
2684,48.28817360006799,4.982647326969357
2685,42.54191401764881,7.844737105734909
2686,47.97346677279818,5.951637620403427
2687,48.16572460803374,6.596732774731422
2688,46.23914951363387,8.482797674583457
2689,46.33856146722317,9.095121891850226
2690,46.09193238021552,10.229659575059047
2691,45.84588824968694,11.558282744125147
2692,41.512516651742814,-5.889728880779639
2693,43.9948656296055,-6.190899717979086
2694,45.72576327973995,-6.2816344757258635
2695,3.2331329347746114,16.23939269232572
2696,46.10709499685318,-5.772725955772734
2697,44.392930927213946,-2.452143445979337
2698,44.67983297847711,-2.117351048914354
2699,-16.776848480011637,-4.227371567805235
2700,45.637082115352456,-1.6972228761572492
2701,47.94566174009029,-3.2428218515980074
2702,43.87074768229603,5.401173624053546
2703,48.01791823468469,4.914437919030048
2704,42.43457782143826,7.784794373591073
2705,48.994724168651686,5.326495743315927
2706,44.88223147266863,8.696825697239268
2707,47.652532097253015,6.1284567235555745
2708,45.399100441102355,9.637873944525454
2709,45.65156158668532,9.370084520988001
2710,46.356014634233375,9.352505274060807
2711,47.502790774691235,9.997292736637446
2712,49.90788152041713,11.81206918825143
2713,46.05044840028454,12.295646005424707
2714,45.7007021236392,11.54712076486014
2715,41.43573149929195,-5.87988791439725
2716,43.1346454915572,-6.224591848570915
2717,45.93190161841797,-6.356405185219139
2718,64.26411321997512,-7.751520881102955
2719,45.06398453333353,-5.192595678780989
2720,46.316409427125315,-4.4241226960926285
2721,45.5053577973831,-2.1801616122922693
2722,46.71790538800801,-3.6164049403896907
2723,45.218661208942294,-1.5384024584221787
2724,47.521534364258926,-3.247659696034523
2725,44.63179850268868,4.601043798803377
2726,45.068260456980475,4.494039977592205
2727,43.652170104199726,5.8023101597787115
2728,48.78606506192147,5.4598533055460665
2729,48.18288796387613,6.43747122236126
2730,45.27956041501123,8.228584907225866
2731,46.656180775542175,10.129701252030948
2732,46.25478605477925,8.953825713242908
2733,47.565201763989144,10.047943798456775
2734,46.629343639920606,10.426334735554805
2735,49.20235350654653,11.120993792661766
2736,49.15695625456683,11.029993678290383
2737,49.27136573625963,11.245699243922463
2738,42.87365191839544,-6.2108497457335785
2739,46.024292505897854,-6.4877688044499155
2740,43.413836504645765,-6.118502548720924
2741,44.109768725889104,-5.865784569006673
2742,46.38942048008726,-5.66231716558722
2743,46.338287801874394,-4.709693224391709
2744,46.708290809866,-3.7626723025302575
2745,46.6220627629708,-3.043515221737092
2746,45.338199409921266,-1.4994939901418434
2747,44.94009285694229,4.665726357611036
2748,44.62132660634882,5.0140228360998
2749,44.13849896699281,5.492830278314319
2750,46.920219812997594,5.793648573794323
2751,48.03593621272973,5.508801698297122
2752,47.24609337483184,6.18843232463607
2753,45.24525811682106,9.49425250003359
2754,47.19540932523535,9.899234470984396
2755,44.98742824491636,9.93201926771201
2756,45.99857627567468,10.494551570216487
2757,49.667286788036265,11.712817251165665
2758,49.870850598502436,11.892619367013502
2759,49.259421403550384,11.690794470183413
2760,41.20875731275582,-5.495654247381298
2761,44.10972496863313,-6.1143467571033945
2762,40.9420009994955,-4.487369821188431
2763,37.563734122335454,-2.6688328796999294
2764,41.35278542415204,-2.3634313612754347
2765,42.16860558865973,-1.6534380521095398
2766,45.59980259062434,-3.351551962706568
2767,43.10599002709332,-1.157353354469167
2768,44.93677635883905,-1.047166456206416
2769,42.889465449012995,0.06692905150251761
2770,37.734349893132816,4.752521021419602
2771,36.45101441831701,5.650267650713591
2772,37.20409752752743,5.557545886115058
2773,45.90834980109172,4.334800216533447
2774,37.49224159188789,5.323127696934893
2775,28.49302895205746,9.642779227713154
2776,42.41347197287912,9.882603331426052
2777,39.310739189757996,10.608806670080657
2778,43.91874331420999,9.907023762836959
2779,44.556558427677416,10.152690955474645
2780,41.54122316748215,10.40379509365092
2781,40.95371432873476,10.55320007314495
2782,49.950135111855,11.808949709327123
2783,38.608479171327446,-3.5724735761848057
2784,41.75540779154499,-3.0932775210208003
2785,43.43896294229242,-5.353102463071456
2786,41.53348749646913,-2.5101299095530636
2787,37.628503172949834,-2.6983479434360103
2788,44.33873912243441,-5.084656684486607
2789,42.339586114256,-1.5454388428330075
2790,44.239108407592596,-1.8762831037001035
2791,35.61059319864483,1.344756381651924
2792,43.08951867058405,-0.1513674800061904
2793,37.873361373594,4.309551358595663
2794,37.59923085412421,4.910825412598264
2795,36.414799525471835,5.6708727454270536
2796,45.13895451172705,4.431848519023193
2797,45.35418864332835,6.866054075394124
2798,37.562368325602336,5.21842126125353
2799,28.47907617225147,9.625347993684295
2800,46.109779814449425,8.122220408836457
2801,42.4300887471129,9.95412801226063
2802,39.97355607084738,10.57089028350786
2803,40.70106331970627,10.54829449273876
2804,49.76121239983992,11.967550364910974
2805,45.27441081466406,-47.5236612938375
2806,46.34085988335468,-39.11259329160295
2807,47.68700891146242,-49.26416191744843
2808,48.32888009977111,-46.374003639778955
2809,46.882520469561975,-46.91493002191151
2810,44.63391226692775,-45.770303001818455
2811,48.92349743289703,-47.16110611276295
2812,47.37026416294917,-44.89692392997625
2813,47.85213605128896,-44.63629080090667
2814,42.65004449257094,-45.13363458919002
2815,45.47263556834211,-43.214536075481256
2816,46.48075214287588,-43.21239363553302
2817,43.156323855544024,-44.207035762970115
2818,34.27242837070911,-41.104979284596915
2819,41.642360136150025,-44.32049306066703
2820,32.050161069493925,-39.808094039033726
2821,31.578851974833633,-40.793365846354085
2822,31.317201285307256,-41.040936744786826
2823,30.999980174002843,-41.24313197044486
2824,30.186754480459644,-41.480968025346236
2825,29.151334268616928,-44.59050887676579
2826,45.87296038864245,-38.8412246466008
2827,44.622386511703766,-46.672869710804825
2828,47.4750967213862,-49.77877383646543
2829,45.34056572950492,-39.54403191451694
2830,46.49637958888619,-39.04875242723174
2831,44.92562042383361,-46.12678898925702
2832,46.579499945656785,-45.810256169250295
2833,43.81552501765216,-45.50151182307718
2834,49.923337643582066,-44.202689335874
2835,45.11318357336202,-44.20010976398766
2836,46.07653536221384,-43.7081225226715
2837,47.0680826006982,-42.53528905325014
2838,43.55469729544064,-44.050235689322626
2839,35.110138283218355,-42.7046369096755
2840,33.84975480314117,-40.86580927994829
2841,30.823373019203874,-39.5101133362482
2842,32.31590728170037,-41.113891379409175
2843,32.06001461951892,-42.94908286621833
2844,31.825527571249477,-42.081453119028275
2845,29.332587705997913,-44.758969607600406
2846,45.850727588747574,-38.92324274805344
2847,45.917118323189506,-38.88812504037505
2848,46.661625419246896,-48.216468451488545
2849,42.57865467471544,-45.466227139357585
2850,46.585287443395565,-46.0968275554417
2851,43.00329880485444,-45.59365596525745
2852,48.5353823974303,-46.48111216231184
2853,42.59913658193628,-45.36388716197407
2854,45.48194142686203,-44.42579106367482
2855,47.237530105800005,-43.80212596694865
2856,48.56523991310611,-42.740641680333454
2857,45.55824860372247,-43.730075583317955
2858,43.51441760864534,-44.11357611068745
2859,35.03856700401501,-42.19326580936972
2860,34.294531894342256,-40.89639364164717
2861,32.404118991165454,-40.80853192794729
2862,33.02865391898424,-41.31115667218131
2863,32.121321428309884,-43.002794914432556
2864,30.514895274883408,-41.307999635782046
2865,31.292745897939245,-43.09851055324966
2866,29.37743154878048,-44.78686358019681
2867,45.34374828360857,-39.44813411351154
2868,46.163991239996975,-38.703058011822996
2869,44.36434871040287,-46.36075307812016
2870,46.499245218133396,-38.376772251231735
2871,46.593258894766926,-46.181792256520275
2872,47.444432641145745,-45.04991750537978
2873,46.79231625346835,-39.11224669936695
2874,49.9361650602496,-44.097432497128324
2875,46.860805825702876,-43.35614328147285
2876,47.760282790526865,-44.206342014364886
2877,45.063671956157556,-43.85090193711721
2878,34.21526370024436,-41.13860351379866
2879,34.0642288622384,-40.220123404662736
2880,31.156995988607925,-39.33941417634966
2881,32.64680591234906,-41.181835760552104
2882,32.02012530003825,-41.391868080418604
2883,31.898842509503122,-42.12242343451398
2884,30.342858531333505,-41.94370095496107
2885,29.329262816225803,-44.749226321803235
2886,47.06145002151334,-48.88978373549784
2887,47.87485294881138,-49.390193342565965
2888,47.593841473018486,-48.79985157397929
2889,48.70524960184601,-49.45144385212251
2890,48.15334794470936,-48.70356266075953
2891,48.81955302091357,-46.98253996273212
2892,49.55449857859023,-47.71434143039378
2893,49.97966920910281,-44.48996446818669
2894,50.12751223561833,-44.12124540673314
2895,50.164021319007105,-44.23747732177755
2896,50.7066813609983,-45.89641586286725
2897,50.63541337642898,-44.27001668189957
2898,50.98505430009776,-45.32279325281647
2899,35.08733417323917,-43.12679285597408
2900,34.44133669583994,-41.53248184126869
2901,30.791435317785304,-39.79835876868086
2902,32.90664515389831,-43.91353584107091
2903,32.09835356528722,-43.91586984678672
2904,31.87829459272254,-42.70478465461667
2905,30.160985524381474,-44.60344625032745
2906,29.75473563858611,-45.132152451651635
2907,46.840208095830796,-48.86564451441304
2908,48.687482507802216,-49.5503529113614
2909,46.91667547675753,-48.731903125244244
2910,46.76316329903482,-47.31463207647972
2911,48.065846154951814,-48.60332409705249
2912,49.052651048368304,-47.498478811316886
2913,49.50320656495644,-47.46275380727661
2914,49.97381880680196,-47.84973568580629
2915,50.52483032842748,-46.09601971579597
2916,48.17281767813207,-42.97781470794875
2917,48.79185526710188,-42.91201886737831
2918,48.52048504088304,-42.53427001820105
2919,50.91530472519213,-45.57375433014162
2920,35.066364655643206,-42.9908808103918
2921,33.382369243826105,-40.74116095153168
2922,32.80851961338537,-43.99207644489367
2923,33.422526590218844,-43.669062290856466
2924,32.45686269052209,-43.899854763402175
2925,31.875955359009314,-43.149076860938465
2926,30.198337427298377,-42.953969559928225
2927,29.37150309365045,-44.71490697159833
2928,26.08660491776159,68.42448460005106
2929,26.155663501333752,67.90662716335721
2930,21.335371009074144,71.55154129452804
2931,21.400379068452988,71.68994091807622
2932,26.47820955225487,75.6445403504425
2933,19.783230221800974,73.08292490664773
2934,26.35993473163008,75.85579390851733
2935,25.631007863100983,77.18193209034766
2936,25.42028408742846,77.23072026938515
2937,23.718288157734307,77.07182054485673
2938,24.572600413461547,77.78321384104238
2939,25.3529581560353,79.30219621402536
2940,20.198310978745265,79.74661575596313
2941,23.215952918995107,84.15153637581942
2942,19.53917292132217,84.32016199006382
2943,19.694475776819086,84.12372423673884
2944,18.92910172018533,81.23949165472263
2945,19.963055872694703,84.35514167147801
2946,19.97969064043336,85.50801280245926
2947,27.182305725572277,67.29300792143066
2948,27.260883720843655,67.14893250109185
2949,21.524833463893387,71.66013712739145
2950,23.447331168850763,71.89376310170819
2951,19.947253600316124,72.96365306461209
2952,20.709283952831118,72.96468014331188
2953,25.485066464416946,77.08259844286229
2954,20.799007960851156,76.34363966162712
2955,20.95612084883851,77.00849255039137
2956,21.108031504033224,77.88015107980891
2957,20.87972154389037,78.97776293442865
2958,25.073049203126054,79.71491806484038
2959,23.016674600519547,83.344213265006
2960,19.663290857096193,80.55019771137535
2961,19.844852964636434,84.05687596465476
2962,20.73141791182079,85.3335358754193
2963,20.545707437331462,85.18478245227178
2964,18.504835185192704,81.43964008580015
2965,27.13334091405152,67.6388609190604
2966,26.95451244516575,67.80029184405304
2967,21.40727047605375,71.26977076736705
2968,23.608739797882453,71.76413865683675
2969,20.530813352690537,71.93463439370338
2970,26.39069523061548,75.81611028924468
2971,24.25390155312504,75.32120573189685
2972,20.80205773225884,76.46024571544464
2973,23.417520283540096,77.18063044198732
2974,24.670017238810424,77.79725862041632
2975,20.79313878829999,78.99616695307694
2976,20.35789739534,79.60319951455693
2977,23.912999314674085,82.19357876652809
2978,19.695595764135465,80.32529315847117
2979,19.508283542895928,83.42212023087323
2980,21.039007285234035,84.15801289024918
2981,17.62093041303021,87.71719294826694
2982,26.23061829602211,67.8838958796182
2983,26.76308830332089,67.92438381400427
2984,21.22425118162688,71.47636584008129
2985,23.53229774261878,71.78618538647963
2986,20.05934957851633,72.92990325140707
2987,20.488240784795845,72.13041915772104
2988,20.760925455422086,72.88999733000722
2989,20.657629278835195,75.29566093535652
2990,20.810790376282615,76.46656851156474
2991,20.93209731884732,76.58438784011217
2992,24.367668555358783,77.71918028931132
2993,21.42853243395441,79.17681337037497
2994,25.06195419491388,79.65438299239007
2995,23.351676577961218,82.41212066881313
2996,19.617298689803462,80.54680494797967
2997,19.51384771454881,82.43387816466615
2998,19.05937098204067,81.20751163462539
2999,18.912457655925387,81.38319032743375
3000,20.409459073616933,84.51093475608825
3001,18.567504428346105,81.4386966387478
3002,27.15847745712209,67.27650537520297
3003,27.032845561812856,67.49099893571167
3004,25.430219605169565,69.69512675339183
3005,25.50975838277756,69.72229224503262
3006,23.244547672449038,72.58483269366643
3007,21.792127245862694,72.48644960776237
3008,23.356045205371785,73.33790854262725
3009,24.19588161955686,75.28453282913374
3010,23.16890813658232,76.76147518816477
3011,21.618337297954547,77.78849429507385
3012,25.68567403006414,78.24547467689258
3013,25.524857641368907,79.05240175878154
3014,23.53833955236145,84.10556722805163
3015,23.443805045002193,82.26683103125868
3016,22.754784583375546,84.23369579341612
3017,17.67557167847623,87.67573865816901
3018,22.285487764686376,84.95190011812777
3019,21.285367692633894,84.44377809940097
3020,21.592964735893947,85.39660462333984
3021,21.566650364506142,82.5709860845167
3022,26.6309985379193,68.70645639422655
3023,25.948412190324156,68.73240229070007
3024,25.229651147427738,70.022586363475
3025,25.491865383320604,69.78316686804665
3026,26.874351790155306,75.60447042888157
3027,23.480397658859697,72.86752616292416
3028,23.750904242529867,73.17598075277193
3029,22.73560377118812,75.87195141124955
3030,23.039061251801307,76.58912124271099
3031,22.05707977880815,77.52761427450741
3032,25.870579406430405,78.39325258334007
3033,23.625632972040247,84.40547860647526
3034,23.912550499059435,82.19093742733342
3035,23.037886362890013,84.57200648695517
3036,22.851651513193627,84.5095839236363
3037,21.428997758914228,83.58381114235169
3038,21.663307034158393,85.55787293992408
3039,21.58770551097011,82.47965644206978
3040,-10.411397411363598,71.11375137355853
3041,-9.543443651446417,70.88926292254375
3042,-8.120431466776246,69.490082487376
3043,-8.946354513892565,70.36023029783429
3044,-7.632028418558143,69.31805065732883
3045,-8.510929816225365,68.02338738411812
3046,-9.054980972771855,67.28456118313328
3047,-6.228110357678863,67.40206466061412
3048,-12.246541714605172,62.31733678724005
3049,-13.22487972850092,62.2498744215219
3050,-11.858828511198057,61.37256307903582
3051,-12.199921660856273,59.89793254616408
3052,-13.067112429826373,58.91272693657853
3053,-11.849763363725758,58.902711540613446
3054,-13.104356516399028,58.555804204199205
3055,-9.23619971753236,53.419761249409
3056,-8.700388959157051,52.9260088278039
3057,-10.29991607168998,55.24796397803221
3058,-7.615941748493773,52.77936821625804
3059,-7.569712129207171,51.28293039024039
3060,-6.9871450349092825,52.25153483357913
3061,-6.038201589672387,53.22047282598631
3062,-6.457708271746605,50.11705613061769
3063,-10.587897388961936,70.33590680306406
3064,-11.939915043336102,68.98611256049124
3065,-8.904183760418919,69.87790979998653
3066,-8.5979709154521,69.75550538219062
3067,-9.391400247675234,68.0802723776687
3068,-7.7656656877794115,70.51493049938516
3069,-10.202811290025808,64.77265730535231
3070,-11.201651476339062,64.00170458522194
3071,-11.538854424589141,63.01845389313882
3072,-12.808166464386215,61.66880076864979
3073,-9.434194658411888,60.70026819359916
3074,-12.882007653119102,60.59003699113952
3075,-11.95236425606611,59.2568257651822
3076,-8.899365235029721,57.30737802013723
3077,-12.950536657872304,58.19190997612245
3078,-8.73296405026235,56.58060220999316
3079,-10.174049763689949,55.56549664364237
3080,-8.614855795879583,55.711280830041545
3081,-7.677429375589093,52.74617725505182
3082,-7.781567408138886,51.32126411128829
3083,-7.335528834951431,50.28984184734372
3084,-6.561264036529347,50.84708975550037
3085,-6.4770504441223125,50.20088275376545
3086,-10.19484928833059,71.09472611415943
3087,-9.302169823723737,70.71877999243439
3088,-7.998954010698165,71.20579247796947
3089,-9.758027552298909,68.33124519827147
3090,-9.837155139818783,68.19938311091653
3091,-11.766483164362882,65.1022957934193
3092,-10.621642274973034,64.79740678350223
3093,-11.265850806546755,64.02140041291746
3094,-12.466851670149978,62.17788637661227
3095,-12.645645827383914,61.88600359427542
3096,-9.08000929790598,60.847011591729014
3097,-12.964941161480473,60.716369488720154
3098,-10.334842084040057,56.1273908024399
3099,-9.002998937003735,57.38014700141225
3100,-13.280245843449684,58.19810313082061
3101,-9.968045906441539,55.84877991507809
3102,-10.141541195537606,55.6391430273909
3103,-8.876615390514807,55.52201168027766
3104,-7.587332282890784,52.21216631647278
3105,-7.1675934686577225,50.81683706361588
3106,-6.720645060762734,51.011050753996386
3107,-6.579596696010868,50.76092694074898
3108,-6.735304287883299,49.23733158392626
3109,-10.569360627369676,70.40790133667086
3110,-10.410104919187134,70.44198944213176
3111,-10.42794299743128,70.26745088537426
3112,-11.200994637778974,68.14497476837283
3113,-9.452680425117281,67.72988921414279
3114,-7.3790091600043395,69.46028995195971
3115,-7.276150127795791,69.50828154997417
3116,-11.437841150623083,63.95634938123384
3117,-6.213921752925975,67.36040101041463
3118,-12.72100174912472,61.85091036416109
3119,-11.821975095499637,61.375747180780635
3120,-12.847503973830081,59.69475767526794
3121,-12.777502762469096,59.33494348550349
3122,-11.942922284134779,58.788196514329194
3123,-9.060118989880436,56.91574799093587
3124,-8.789027071970219,56.72063911271765
3125,-9.13706553921766,53.23407597877611
3126,-8.352950938392903,52.09755323894796
3127,-8.06121812023057,52.828981010305455
3128,-7.507641845864702,51.7797612541884
3129,-6.69627838573241,51.00667150034775
3130,-6.557459491089516,50.452881523941585
3131,-6.688666544084465,49.25746723713401
3132,-10.784327507820516,69.00530860829825
3133,-11.02479424773128,69.09583391397355
3134,-11.459186226503403,67.94978763185033
3135,-11.204801077146968,67.76919820603065
3136,-10.7436362911099,66.64505650128096
3137,-9.309099867397757,67.35130886401393
3138,-6.892801365326417,69.2333900678388
3139,-10.260614282626822,64.4339044547946
3140,-9.333981949363947,62.16642371383305
3141,-9.15946168156412,61.847252897474135
3142,-8.141271148979719,60.284783066512865
3143,-7.383989929327936,59.22865459132642
3144,-7.753920621097966,58.70740016947548
3145,-6.422512630062658,58.037565345908504
3146,-6.343604842054448,57.817524191485774
3147,-5.523067857177032,56.718461283593136
3148,-6.350633749471715,56.55603113320237
3149,-8.312486196000807,52.95257592637392
3150,-5.667325871612904,55.78528423659015
3151,-5.592785095423247,54.1718705449348
3152,-5.677398648818491,53.92347598613463
3153,-4.395568903061057,54.22855694267462
3154,-4.237808371254975,54.216054999647326
3155,-11.961526981654483,68.17533469435257
3156,-11.955144018509362,68.33639236068821
3157,-11.66888490188684,67.5693840266209
3158,-10.826014478920905,66.88499877735745
3159,-9.532343322869012,66.24403083411022
3160,-9.607085962803293,66.10706795657717
3161,-9.153627220182768,66.35783802363134
3162,-9.743455818234967,64.47792168254169
3163,-10.48492374599668,63.37571745304975
3164,-8.753375694805708,61.01001003768531
3165,-8.727867346925022,61.420424456342076
3166,-9.055999593960845,61.40864383515171
3167,-8.15183513633609,58.230086311044765
3168,-7.84438447467584,57.44365926269214
3169,-7.885826296727649,57.35079290442473
3170,-5.37454291289162,56.85684948345423
3171,-5.731381416159763,56.12552671474327
3172,-5.853634855740222,55.659031434130476
3173,-4.46854888042989,55.608083455953356
3174,-4.320554911037017,55.53799004202925
3175,-6.5566959832077005,51.145289185685726
3176,-4.409313279684645,54.21386079421579
3177,-4.286856394553199,54.085571959749316
3178,59.462142679690416,-7.744863335629278
3179,60.78214053632936,-6.857851701186679
3180,61.033797527671275,-7.628547486070592
3181,61.21895685523317,-7.356304564262634
3182,64.45813617992525,-5.875973914666671
3183,62.35350954923965,-6.341708625919545
3184,60.107893996655065,-5.0212852726407755
3185,65.06144319007218,-4.988169325084031
3186,60.58406028743147,-2.221989692412699
3187,58.361332166789175,-1.044598237089632
3188,58.77433495510951,-0.9007358475466012
3189,65.15810016826809,-0.09990281892622584
3190,65.07959019625669,-1.0747013296931538
3191,60.4184695201932,1.464261679398191
3192,62.81137326014116,0.9950874239661378
3193,62.89345129633363,2.9978784165336196
3194,65.20569298765544,6.781486882777732
3195,66.12712628257202,5.380759927553936
3196,65.75537973407943,7.368254777751753
3197,66.74562686475682,8.35228762441553
3198,66.74479269621015,8.24541226369209
3199,63.6582361394308,8.83019289523641
3200,64.28537946106493,9.889305701958621
3201,63.70518580790166,10.695613091177245
3202,65.84118328594919,10.238229599003798
3203,64.31762136257494,10.735045253147302
3204,60.79548036677936,-9.844439827256334
3205,60.35727794812392,-7.489981956111391
3206,61.2558722888766,-6.312296238063167
3207,58.20584303838627,-5.641416633627084
3208,64.63990735835006,-6.082684455511244
3209,61.291219681474,-5.765980606274304
3210,65.86436336674572,-5.39056214325158
3211,60.20315808255782,-4.010202652772997
3212,58.63273449746661,-2.5747008442539103
3213,58.93166948012034,-1.3320795718867477
3214,65.10876420420178,-1.652805866683099
3215,64.84228539053959,0.3008384713790306
3216,62.88847501537044,0.9947962996339278
3217,60.58667470714992,0.7998066180328879
3218,62.5543538003459,0.6180316992328181
3219,61.11449059282574,3.224721632727175
3220,62.110009455181945,4.743172448054227
3221,66.22449046441075,5.3281007200451445
3222,65.54481634601669,7.26705074556144
3223,65.98245123378587,7.615029498559042
3224,63.67493507395256,8.168501607540577
3225,64.09388749560604,8.137079052745515
3226,64.22064065604985,9.893308069380135
3227,63.134307035745834,10.483997326481637
3228,64.06972076735701,10.726906167838342
3229,64.71869379517945,10.646283197076626
3230,60.378039323363424,-9.867367230828304
3231,61.81962610494484,-8.141223437089932
3232,59.2875860027394,-6.584921200836509
3233,60.02078380029617,-6.323511160191196
3234,64.33401107128644,-6.012370703665286
3235,61.21654217272542,-3.815795627114833
3236,65.94078643897176,-5.362758806790913
3237,65.0026162767996,-5.055109088158867
3238,60.041892489220686,-1.5503068205322068
3239,59.78381421646596,-1.3966993791385398
3240,60.298287364660794,-0.2715952478104575
3241,65.66968075238124,-0.3712653815312671
3242,65.86920553430176,-2.1332172377231786
3243,62.19941115504462,1.8692929754992342
3244,62.88814013405973,2.915920288943039
3245,60.09303700464167,2.9911613299981323
3246,60.04221018388549,3.0746037231572436
3247,64.41177712609233,6.513941963158068
3248,64.58981795050772,6.610019487165693
3249,63.05074689680277,8.352673251922395
3250,60.720759745967676,7.8300252981581275
3251,60.81347205184339,7.986188926968471
3252,64.0320306011101,10.216445694980822
3253,60.1316908577134,10.383959288933589
3254,59.891359807540034,9.082299534325346
3255,60.114316043533215,9.565580982808669
3256,61.16758156233825,-8.124346458197357
3257,60.604621277828514,-7.508246746030493
3258,60.92150008918568,-6.089272906810183
3259,59.951109845961554,-6.632246395938247
3260,64.87175624685187,-6.249823374061926
3261,61.13160628766911,-3.7998417881532007
3262,60.33075219451345,-4.972163531860312
3263,65.89783121284545,-5.3283496681841385
3264,60.60595089559437,-2.01631317343204
3265,64.26097534792972,-1.0522674759586321
3266,59.90846105213821,-1.1762414290969894
3267,65.34102013395552,-1.8997114306936471
3268,62.25950290691901,1.9995279495570983
3269,65.21595559565435,-0.8192808324660399
3270,63.082315059609236,1.038456355916667
3271,61.17072496974017,2.924651310685111
3272,66.94418539718893,7.905492203421851
3273,63.822015444903585,6.471844207758246
3274,62.10867076937796,5.032558109723394
3275,61.53585439899832,7.3775510296975195
3276,61.858600572488854,7.552792593052662
3277,64.43239583501403,9.628713312542551
3278,60.1357976552466,10.520474522485166
3279,61.571900446614755,10.808318122348764
3280,62.27796282214094,10.713535116986362
3281,60.48689627507286,10.499349698105096
3282,56.1666003851509,-5.861567684940907
3283,60.795255666162085,-9.996943522424019
3284,60.89813988140568,-7.593064820975541
3285,58.829244532851284,-6.819175414372299
3286,60.662547240317586,-5.91815475097547
3287,59.8401272266075,-5.541628706189582
3288,58.00009231733244,-4.704338315610189
3289,58.076980742177945,-4.223879811499096
3290,58.74489209182708,-2.773734440748583
3291,58.73111685860373,-1.8989458539062087
3292,59.12585632680842,-1.0915241844395474
3293,65.18148221481722,0.3076515306361531
3294,65.77330990161754,0.4322392518136138
3295,62.666026498644115,2.804709819772556
3296,62.55404778551833,1.3420391649024501
3297,60.47826250017477,3.2436731327508306
3298,57.920741928372436,4.727108255951981
3299,67.12300151150026,7.36272361567849
3300,61.61970531542573,7.077413213085469
3301,63.088851078468885,8.337990491443305
3302,64.09305672570018,7.797303618009804
3303,60.874856824142,8.91557064905523
3304,57.84276715774836,10.317796424699267
3305,59.4232295193617,10.752557572511868
3306,60.14085169054598,10.469792337871732
3307,61.19889479869967,11.061208940510328
3308,60.92564662724915,-9.468747362387408
3309,60.784556195163944,-9.637852719316259
3310,61.833528981505395,-7.712059501653925
3311,58.48418201186076,-6.194040790713901
3312,61.97920247987525,-6.6882715289946475
3313,57.92216563607264,-5.209368020173755
3314,58.347113738552885,-3.1574419199884924
3315,64.5023601208931,-4.895919191099339
3316,58.07386023574704,-4.136362841115636
3317,58.81566095115287,-1.391103964321574
3318,58.44407886702112,-0.6433921077304168
3319,66.25319752314154,-0.391893269273815
3320,66.22320129358305,0.6732661363188933
3321,57.862732622514564,4.639292306056963
3322,62.139363277104835,1.9364719927700549
3323,60.84612555796987,3.093938552123366
3324,58.01961244732836,4.697772230161514
3325,63.46313910977345,6.356212177250332
3326,61.445180125924026,6.895472353305658
3327,65.82382434060565,7.571632183693495
3328,60.99296301561951,8.651791651701174
3329,62.1747611317132,7.632185398183486
3330,58.01921841263317,10.391516571994483
3331,59.33331308373628,10.884458728266397
3332,60.28694245146629,9.916055849062122
3333,65.73058616508118,10.346660271886899
3334,44.86213818518043,-61.54719260845217
3335,45.27530477262723,-60.979749987923384
3336,44.47202049369891,-62.52207068544492
3337,42.903902130766184,-62.04926612494513
3338,44.71113736833085,-61.423382990858414
3339,44.83722738633526,-59.95449843219609
3340,46.73503812624553,-59.989202676640566
3341,45.0601982272642,-59.274142641927426
3342,45.31391653201173,-58.73986312879569
3343,37.5431277534188,-63.40271607602547
3344,45.35091245067291,-58.467897566644645
3345,36.44923225742793,-60.38545126239465
3346,36.801265197601715,-58.90373715688798
3347,36.59034248648446,-58.98376416718219
3348,36.43473557144916,-58.41419903406724
3349,34.83713241224432,-57.76949364734465
3350,35.67157661635694,-57.884401930105234
3351,31.647023453119296,-53.74778715845266
3352,31.489214628205637,-52.58765462348096
3353,31.105099211182615,-52.775924678197946
3354,31.642533902290253,-51.989264615306695
3355,29.226936011582172,-51.40198195523481
3356,31.942550076533646,-51.23885264047726
3357,28.515775373884512,-50.32665160157001
3358,44.43460811018849,-62.71860074643393
3359,46.120916369211635,-62.142238744082896
3360,46.92038576270904,-61.108074885162736
3361,43.59834247511089,-63.4783629341847
3362,42.36281743154212,-63.48477355935249
3363,45.517082499820326,-60.49973592285398
3364,45.735810563095505,-60.0357157327461
3365,39.94439201943733,-63.83854340812799
3366,38.01576913293423,-62.14879415372171
3367,37.49889009070726,-63.23161158278151
3368,36.883823003292555,-60.91668652029523
3369,37.141996285074164,-58.920674206435585
3370,34.7886134910525,-61.904764798633174
3371,35.264523140888585,-59.912325236610016
3372,34.0552394465929,-58.29086768227329
3373,35.385225792633975,-57.94608248551036
3374,30.669304079385867,-57.44873256606934
3375,30.331333213913776,-55.69219156947993
3376,30.20664303503161,-54.84703362960685
3377,30.064236958619496,-53.77758163887349
3378,30.039807318815228,-52.568840725237365
3379,29.554396460568153,-53.25823390575892
3380,29.32818122952141,-51.354505858111125
3381,28.5618434253859,-50.42725903413428
3382,47.273476174996915,-60.974191879553025
3383,48.593811755200456,-59.88687528408308
3384,43.303534434352414,-63.08045240184996
3385,42.91012368200329,-62.48748406496095
3386,41.754371775614196,-64.00851660424371
3387,45.38636443096285,-60.53482361554272
3388,40.15053441318197,-63.82524064663876
3389,38.15907689647378,-64.0083832281763
3390,37.999714195934104,-63.694295773000995
3391,37.644640795897345,-63.6149169855336
3392,37.398386669558754,-63.52001376241586
3393,36.13711239172594,-60.74189257201453
3394,34.887875744573094,-61.74366998923003
3395,32.95872110886774,-60.65179280377328
3396,34.2466289870287,-58.46498564460806
3397,34.31157959607475,-59.15503260687451
3398,31.11037656918396,-57.063441162757215
3399,31.525405574050332,-54.42822331467314
3400,30.22750694092769,-54.85224913480888
3401,29.843682233544918,-53.88018672442748
3402,29.937849043459277,-53.80995459988088
3403,28.492034918400467,-55.7914996316516
3404,28.245381477011232,-50.41817520357416
3405,27.731811811814477,-49.09287816347936
3406,47.583061324810274,-60.71023234833575
3407,43.14984906680428,-63.32123893900826
3408,43.10911018274314,-63.292227136265566
3409,41.704781994895086,-64.18693778393676
3410,42.62265234534314,-62.635865193252656
3411,44.9765106860063,-60.381527698205296
3412,46.650514224622846,-59.9322951622035
3413,38.279751710439385,-63.92219117210009
3414,37.32286727903902,-64.63519805427435
3415,37.50944317928932,-61.63590487286223
3416,37.04291540678181,-62.228631805117466
3417,35.91428345211028,-60.81950546767109
3418,35.150999306417,-61.450576719696066
3419,34.649398669709356,-61.573131211176594
3420,32.46404631169934,-58.24361109690185
3421,31.029604247589813,-58.426163140413685
3422,30.76251777688811,-57.31964732029512
3423,31.475672385974313,-54.608064236751474
3424,29.310840963603397,-56.56386917994239
3425,29.180144199296585,-56.25537454297964
3426,28.564068126927104,-52.694547589083825
3427,29.29182725312003,-51.80790138877686
3428,29.165174891055397,-51.839020863232705
3429,29.1685484164724,-51.357231157340216
3430,46.66447805275438,-62.11108292976515
3431,43.972917147680015,-64.57686250088396
3432,44.38179385572391,-63.43770171202567
3433,47.34378177860742,-60.73159474245139
3434,44.07416297164355,-64.15536011110738
3435,44.06097964941727,-64.20214259921319
3436,45.26098940712072,-63.80517567829728
3437,38.8524716282769,-64.63532892265103
3438,37.86696051946394,-64.02171919567526
3439,45.525509404873226,-58.46194275201465
3440,35.15133720644673,-62.87477484209779
3441,35.06152560064513,-62.32917080710819
3442,32.774030544871444,-60.86519117288367
3443,32.9424051335049,-60.952253694699806
3444,35.889252696397655,-57.93678608609953
3445,30.849816087448374,-58.287569425426874
3446,30.804613693994412,-58.09557114167729
3447,29.521365020025303,-57.18715725562779
3448,29.59922879939925,-55.03263688711042
3449,28.91638994759362,-54.44802286050398
3450,28.89703981827276,-56.0110650252449
3451,28.025693544139624,-52.19272644225787
3452,28.814299167998488,-51.112712851691334
3453,27.81378443476076,-49.58350092005721
3454,44.32883264697717,-63.16453306089943
3455,46.13131441089219,-63.17256507267346
3456,42.707814864667355,-64.45403735126314
3457,46.58835296899619,-62.33380533450438
3458,44.31560147593296,-64.04965695709049
3459,43.58352480985894,-64.78367242804586
3460,48.66868372089137,-59.803532739456934
3461,40.55263805220953,-63.43845253062933
3462,37.688525520491574,-61.756585661750016
3463,37.48793160837166,-64.26250103024623
3464,36.1071501319891,-63.14083541329124
3465,34.7015487838958,-61.5157443494309
3466,32.46668441273254,-60.84473598425878
3467,32.75323571242377,-60.79087378921374
3468,32.05416525567818,-58.73620494827024
3469,31.765708427368708,-58.7467697542953
3470,31.375238457804308,-58.35114573135774
3471,30.087820018933115,-56.18434162290745
3472,29.78753723883827,-56.01607744339249
3473,28.816772782695374,-54.40905749653417
3474,28.02352886553332,-52.644424578550506
3475,28.038606388971182,-50.74104032285503
3476,28.06855928785352,-50.61991127946253
3477,27.909935697494767,-49.945041702215015
3478,-28.4548481017071,-32.749120093399576
3479,-31.969162246562966,-36.23489034094613
3480,-31.98022330265861,-36.084374079853646
3481,-24.385988551968016,-31.881577952355922
3482,-29.724037166079523,-31.717584323548166
3483,-30.945356979830148,-31.364082564242192
3484,-28.153644901696367,-31.26872736931457
3485,-27.60254060937153,-30.685230015674385
3486,-32.35250286955247,-31.167897194173797
3487,-28.389070488717223,-30.34545672351333
3488,-27.71441723831562,-30.302870515207367
3489,-27.925817159925284,-30.029388129947577
3490,-32.2581601034505,-26.72008491630414
3491,-32.3169330016168,-26.255079620222723
3492,-32.512389016678476,-22.14992868990761
3493,-24.9415775090672,-25.078803929898182
3494,-30.171007990229313,-20.989177141894867
3495,-25.69960870224482,-24.75357844221886
3496,-28.27717642106207,-21.246368830240364
3497,-28.148646817787277,-21.112355924801243
3498,-25.233329349996605,-24.910137939887438
3499,-32.14717376907533,-35.504696442178115
3500,-32.68594962712049,-35.21280321419291
3501,-31.117655572278945,-33.48427217793998
3502,-28.473244193309608,-32.47048977206317
3503,-37.39532101176098,-31.67547895526985
3504,-35.596722503014064,-32.17931926263396
3505,-35.70592755447509,-31.71795306902953
3506,-27.03806755310464,-30.571370215028182
3507,-34.64401122818433,-31.802087762341827
3508,-34.453468539306606,-29.39183126416792
3509,-33.13757937751102,-29.685287731499468
3510,-37.989397208020776,-26.78993828399617
3511,-37.07005690043238,-26.20851402967545
3512,-26.90788302367165,-25.366032774735945
3513,-32.67992645666989,-25.927324923514682
3514,-32.327003467310554,-22.066284183130488
3515,-30.591437990133066,-20.744525979901255
3516,-29.920382994911193,-20.89297888968149
3517,-24.17578717099212,-25.109826581362665
3518,-32.867960264096105,-16.548305623988536
3519,-28.69953621552816,-20.65185784064738
3520,-32.910728943386665,-14.733037008846345
3521,-31.542972403685983,-35.276104642756565
3522,-31.138437666923302,-35.17144945394904
3523,-31.537971540973086,-34.30918839271116
3524,-35.39328699357925,-32.35940648416615
3525,-35.81834730875177,-32.04555765275204
3526,-34.76615399851459,-31.78185972955723
3527,-27.977293212052913,-30.939559883198967
3528,-35.797259042524864,-31.249054214283582
3529,-27.88058476228173,-30.64105665329801
3530,-33.259849766303006,-29.623801687138165
3531,-38.18239057466359,-26.73503894669916
3532,-32.45444290937959,-27.435422598939653
3533,-33.35659619575609,-26.6728423194929
3534,-27.85467328404741,-29.40844795143472
3535,-32.95266107443246,-21.992351365302547
3536,-29.72651815866915,-21.226474614185015
3537,-32.779020850343024,-17.459562686854202
3538,-30.224495246212435,-19.67041323767254
3539,-32.85348766510034,-17.725885762101164
3540,-29.909865063731516,-19.571646689777143
3541,-32.8815060992521,-14.695987122329509
3542,-30.3647173861299,-34.969349412393655
3543,-31.997493708816336,-36.29347003173929
3544,-32.21220791514817,-36.676222598144754
3545,-24.365547250444475,-31.88781876337945
3546,-37.29132834143313,-31.65593871115603
3547,-29.922530963970768,-31.994161924986262
3548,-32.46467673127693,-31.3638670597649
3549,-33.082985129216354,-30.8003765644345
3550,-35.632298186936985,-31.21569500372951
3551,-32.68637194160265,-30.02191229702926
3552,-32.93008423514197,-29.797726943239336
3553,-34.49307841860996,-28.599960920168048
3554,-37.2973461902386,-24.320920320949593
3555,-33.54108326709945,-26.927295276816245
3556,-32.4992881112241,-25.99991890033616
3557,-32.98705021293518,-22.064056250219494
3558,-26.60629744353639,-24.510714417809528
3559,-30.753890048081406,-20.50144243678429
3560,-29.387073824851324,-20.851150791118346
3561,-31.19935143468781,-18.79584824560762
3562,-28.779845426307407,-20.432693569048183
3563,-28.41615666591063,-20.52272794631144
3564,-32.31216363899895,-35.56492068259558
3565,-31.14583867431044,-33.598336439950174
3566,-32.261330569960876,-36.80090334913719
3567,-28.775300330330772,-32.17490185916835
3568,-37.25721176531489,-31.668347579467838
3569,-29.682764128980498,-31.59775954002232
3570,-32.97993467387131,-30.85897824217606
3571,-31.398162156625133,-31.19368260583743
3572,-31.534429020184714,-31.10728877696311
3573,-34.67913854169705,-29.54854255827997
3574,-33.216298986286816,-29.72413079233001
3575,-37.200252606735376,-26.12884111211988
3576,-36.77711828143197,-26.444506891832088
3577,-26.91139457511851,-25.377628157806456
3578,-33.23102535174932,-22.637952413169455
3579,-32.27740772151613,-22.198994790019974
3580,-25.301034518090376,-25.4909672994368
3581,-30.38808373203471,-21.25075705904303
3582,-26.687754591883063,-24.308312696928525
3583,-32.89262851176741,-16.38145154757994
3584,-28.444981204507496,-20.858781758834446
3585,-27.15122586875216,-21.86601900513693
3586,-31.07403594730801,-35.25265271841458
3587,-31.887874328141812,-36.026783121641216
3588,-32.30779747602806,-36.91512674694503
3589,-25.038328230051793,-31.75473573772281
3590,-37.46609899121038,-31.705314688711457
3591,-25.08482287188385,-31.739122209018834
3592,-34.30929004459173,-30.543962475794217
3593,-33.36309574969149,-30.6159601713678
3594,-36.490848788787,-31.261870407271722
3595,-37.43056348155906,-26.888798644637838
3596,-36.77517685568952,-26.592693932196923
3597,-37.519219495421616,-24.24911503519678
3598,-32.53593663995701,-27.505737744635088
3599,-37.06286291886456,-24.28256260872744
3600,-32.675131015301496,-22.644481093477747
3601,-32.1401155877977,-22.244565232450885
3602,-29.010355921480468,-21.893907728581286
3603,-32.83747429512889,-17.74615408192516
3604,-27.826169754576288,-21.91279857483213
3605,-32.6221275160783,-17.659494998360255
3606,-29.856340964245756,-19.227513994888913
3607,-27.37181779456217,-21.843016549475944
3608,1.1188006092227891,73.76886222735176
3609,-0.471822852767971,74.07521016025328
3610,0.15317145757884473,73.53107814646062
3611,4.443141049892339,76.56646893099409
3612,-2.234425324633342,74.76849432357517
3613,-0.6757091805346794,75.01333213772739
3614,4.396060768351383,79.15052109929367
3615,3.906535900194736,80.40962960139692
3616,3.355482978224647,80.67175049808725
3617,4.645281484910656,81.2760238293383
3618,4.104072706301111,83.58341446731386
3619,5.1122335409880115,83.66205340133726
3620,2.7007936197471603,85.30238384127112
3621,3.6936600636952863,85.65560009401634
3622,1.838819036350989,86.3589312581837
3623,1.972991745641165,86.90323493307345
3624,6.193536316958319,87.48863764904156
3625,4.043912547958084,89.13115096714235
3626,1.2347142023468025,88.24572332293938
3627,4.140992777591604,92.23223694808395
3628,1.2735004663794403,90.45524551228164
3629,1.5494004670160526,91.53896729214028
3630,2.1694000839301877,91.53171810015706
3631,0.8883381236369068,73.70538016671561
3632,0.30389039158976316,74.41001409750021
3633,0.1449242743147527,74.29423899601817
3634,4.644818227175617,76.63473970414728
3635,-2.260562699109316,74.7897175350612
3636,1.3034104988814952,76.3181706842469
3637,1.4462714109674235,84.06304077637365
3638,-1.2560159029250761,75.19297373734575
3639,4.658501100779211,81.23591518369386
3640,3.2256058267295598,84.68171622523842
3641,6.928505593884318,85.28959209100582
3642,6.418518575207208,86.2710531818757
3643,5.537154508928342,85.32017940282162
3644,3.3534841789214305,86.65878673780557
3645,1.499105423272089,87.62655813655446
3646,5.963876322021981,88.33150929229755
3647,7.334957315495778,87.72944344152174
3648,4.45314706442007,90.13881425132216
3649,5.128729345023627,92.39065976882846
3650,3.006701288010157,92.20105152336686
3651,1.1824499322426378,90.10403176370534
3652,2.3414942167699015,91.54579010075292
3653,1.1979378351138483,74.68269563922347
3654,1.0252698938100144,74.6932323642484
3655,-1.1557890863098959,74.43552664527525
3656,4.922630904429732,77.06102846974514
3657,-0.3596804726043615,74.94073164291446
3658,1.3540743340274672,76.34877015506859
3659,6.254243546760462,79.05786931103582
3660,1.3844992596281485,83.9673478062777
3661,4.581832887575819,81.49001180722894
3662,4.004734990724979,83.90027681434175
3663,6.718926341597056,85.25061319371204
3664,5.903367286416997,85.03187418598824
3665,5.728203947580046,85.43794465114996
3666,1.67309208470497,87.28949822398276
3667,7.037291445928702,88.5544910962923
3668,6.184274674448885,88.72665473996906
3669,6.452651786942074,88.37874169945732
3670,4.694150355112577,90.37277123544544
3671,4.921849388957977,92.28980575142107
3672,1.5542782321995907,91.5324473657286
3673,2.3858243844840126,91.78370543183449
3674,-0.706435460389979,73.74346922736659
3675,-0.7225827023266221,73.78243887530793
3676,4.731371563795961,76.69381547392112
3677,4.452666495048402,77.85349185642602
3678,4.445412647280243,77.89720737737902
3679,3.773962354967435,79.26411211796021
3680,5.294709826953334,80.05269889105539
3681,2.573975123834951,80.3548293727033
3682,4.632985353416471,81.2571710057276
3683,1.8618748717467442,85.02910485089433
3684,6.623664774391645,85.22272653115975
3685,5.490316805676801,84.69197651625919
3686,3.740885251420085,85.71749260025999
3687,4.600902857433367,87.08013437507182
3688,6.7729803478054045,88.68072485736194
3689,4.0833122970588205,89.24343309326646
3690,1.256425707213594,88.23541247335713
3691,3.8334961414987245,92.78645371334491
3692,2.599220302486644,92.38093865852943
3693,2.0433611550371484,91.21502959995814
3694,0.8246123409193079,73.63914814924769
3695,0.2125415672293234,73.6565978546091
3696,5.401908990894794,76.86547279461149
3697,6.277574807208536,76.568124261902
3698,4.6897505608957095,77.72338365863999
3699,4.650105658873302,78.95561053676485
3700,4.7640577906655865,79.15760142932223
3701,5.8711659961827705,80.52148687383139
3702,3.085832666880504,79.98811150368171
3703,7.227420351315178,82.0773141441471
3704,7.250171530400474,82.26462472352156
3705,5.195442897908075,85.9879141048327
3706,4.574923737330299,86.17415016594525
3707,5.1235179199977825,86.19500068707026
3708,7.029628760529924,90.50405683058703
3709,5.973515879309531,91.21128776808418
3710,6.20444496840861,88.7113596646716
3711,5.778814602160206,89.73378457768719
3712,4.609655024648941,90.4926660498018
3713,4.582531692644392,92.31282436055649
3714,2.3457138026429285,93.17588577866616
3715,2.5821794410262404,91.28468514357611
3716,1.2140817903646497,74.58211166235323
3717,1.699662995649088,74.81937081154659
3718,5.581695654162132,76.6778506400438
3719,5.541894855130052,76.73811770261511
3720,4.472647444450473,78.48019074072904
3721,4.525921005778357,79.10584580231674
3722,5.572031014208213,79.79605536023443
3723,3.034861602316206,79.7325891673292
3724,5.5831579261977415,80.73263491250276
3725,7.248700832667434,82.25494285820534
3726,5.177548892432267,83.92071641198905
3727,6.403517585855468,86.3190590275234
3728,4.514490089385798,86.88260423082734
3729,7.320491074876386,90.77375221233052
3730,7.3428043163119066,90.82980866403076
3731,6.452205197248198,88.88298368422922
3732,4.31336153778297,89.75548317564908
3733,5.033522434377211,90.99530179238506
3734,4.442064172797412,92.5109397072756
3735,2.0701039993891746,93.29282275540969
3736,2.1649164329909554,93.6014275732352
3737,59.41046319151653,31.284439081484113
3738,59.80574088404187,30.144849018910982
3739,61.27338244966806,31.249525701443396
3740,62.49285049601835,30.16124797361109
3741,61.3965410434246,30.26027663386509
3742,62.4460431235322,31.338299484106802
3743,59.938512680763985,26.36464073311535
3744,63.80083152384076,31.522808100461575
3745,64.47084401052614,28.47341862902043
3746,65.0370455563385,27.79359662800052
3747,66.77779971139151,31.549828165086133
3748,65.59849530496562,27.79095197032021
3749,68.79443179833986,26.111137585221915
3750,69.34804933133212,25.81703059595744
3751,70.61530846385274,25.393636966055787
3752,71.98814548593607,28.368526254278553
3753,67.23951904302196,31.67053473534453
3754,72.37911851858101,28.38620888866477
3755,75.72982758063344,26.162189139591323
3756,76.18690926812171,28.63374038714994
3757,74.92366670201946,31.02700382654443
3758,77.16307368682631,26.91157913635946
3759,77.93805514215168,28.31224811655556
3760,59.705827190220575,31.254272261397382
3761,59.37370626893582,29.126521486746583
3762,59.35738904697836,29.367257855410827
3763,62.52799573979592,31.774273981322924
3764,60.82697421863886,29.192329596710813
3765,61.60010792933116,29.372252606374836
3766,60.33235156717895,25.858282936684457
3767,60.44472897655673,26.349009404688204
3768,64.61480794088892,28.241106250977932
3769,66.06682226414843,28.82413966445012
3770,66.73844898385374,31.562815869610343
3771,66.49302241104202,29.216627001112112
3772,68.78897610956713,26.46949532395356
3773,70.23300650477522,25.28694703759268
3774,69.64207395572987,25.224121307479063
3775,71.78163060942184,26.173635055822942
3776,74.06287006205382,30.890995467691965
3777,74.47353622581568,30.753013817932384
3778,74.74219958684212,30.68807657943066
3779,76.35548343134866,29.59498766356321
3780,76.37911923571282,29.728752621234165
3781,76.76347356503553,28.98923307935975
3782,77.55727236817556,29.175454015209123
3783,59.68931039361577,31.00701714162918
3784,59.74508651506222,30.06822156449963
3785,59.6590391635425,28.587406464599876
3786,59.795047296503746,28.300216516909583
3787,60.119711112806435,28.459471002413167
3788,61.577096322105284,29.239969362340783
3789,59.03771428556568,25.829899440019215
3790,63.83876160405004,27.36144892888842
3791,63.84604365144535,26.955226434961205
3792,60.2752361295989,25.62644023055582
3793,64.34822213896173,31.45553421331059
3794,65.70483428051743,27.953776735777346
3795,69.40750687644102,25.01506886239637
3796,70.23385647007754,25.189349728243958
3797,70.74101261009854,25.55463783401506
3798,71.39894460271076,26.4306487761281
3799,72.1627430675296,26.786857349448983
3800,74.46164822590515,31.030439960468676
3801,73.94723225305633,27.091179098745673
3802,76.21811938175267,29.61666222421064
3803,76.66953960425454,26.220727156574508
3804,77.0851342923334,28.462490886987972
3805,77.77074191260817,28.042036206654636
3806,60.32541891347101,32.53043713499882
3807,59.67432456824291,29.975554908082234
3808,62.518428697334315,31.784790580740346
3809,61.06632731159699,28.863226060795466
3810,59.6627354182064,26.26365298306843
3811,60.11378265373374,26.412166486636607
3812,63.36588068831212,31.33564213950177
3813,63.84185227330004,27.050541771682884
3814,64.87780286572031,26.73631206720206
3815,66.22209610850123,28.54741922446965
3816,70.21119942678685,25.053897674314523
3817,69.73603536562356,25.14446913416695
3818,71.47272445714155,26.77668147826501
3819,71.67275599063247,27.14240473371279
3820,72.08329715139391,26.484487785072858
3821,73.2148233027349,27.234678173893002
3822,75.72251232209376,26.093813964225777
3823,76.4341495527219,26.059199572988703
3824,76.66577979790839,26.24813085131715
3825,77.31380298710071,27.087705846866108
3826,77.45974564521603,27.029373987061454
3827,58.82538126075655,31.414018045873746
3828,58.397416574712096,31.215524604465184
3829,61.114918222515676,30.38142616398319
3830,61.10964053197354,29.381704655092342
3831,61.76899961395208,28.15308635351722
3832,62.41215994833379,29.99968279164842
3833,59.28330982794501,25.620637617846924
3834,63.62801076430602,26.721083053961912
3835,62.59386588901963,26.14437545593768
3836,64.89147127031859,26.71974194680938
3837,66.48544086882787,28.651348341744576
3838,70.38554642778665,23.91390663932712
3839,70.34493029848304,24.460385662981704
3840,69.45807009559691,28.355596808176394
3841,72.69765076731268,24.579544600423777
3842,72.96456119658069,24.585965446195154
3843,73.40331485688414,25.174168122312384
3844,75.91345953667285,29.514892547813737
3845,75.95073437982194,27.95757858301617
3846,76.21117008420846,28.00489077209833
3847,76.44424005482539,29.016947810906768
3848,77.00952752297805,27.331739944314485
3849,60.621357610328324,32.98770316574104
3850,59.12694895203833,31.471964510083772
3851,58.423074693817384,31.23939902499419
3852,62.624692744935984,32.26566859970961
3853,57.83639625058814,31.062315374264287
3854,61.74831549331454,28.079690104224635
3855,59.15718634530716,25.6831579692472
3856,62.62217201288535,27.092726483924448
3857,63.435583821466196,26.54297605453411
3858,63.39481679393825,25.968969115243578
3859,66.5437063487511,28.359693372508506
3860,63.56007995139979,25.83819709661594
3861,68.73572717272458,26.335070529982538
3862,70.56698661467964,27.673614351875003
3863,72.52385403953856,24.423830663570865
3864,71.7447187025765,25.78198615735768
3865,73.42357208650441,25.587667761579876
3866,75.64603301616486,27.551966396486403
3867,75.74820249167836,28.226432869131777
3868,75.36980684993787,31.694108259008324
3869,75.79288851479082,28.22320259637833
3870,75.41242064592674,31.604141558078503
3871,79.7192088175023,-17.121782650904063
3872,78.6432961999163,-16.13495784955952
3873,79.84638693404133,-17.080527301691554
3874,77.51889259293995,-14.66065731603168
3875,78.49965681689159,-19.689122675112802
3876,76.37998636345341,-16.600300928637516
3877,76.01041176190245,-16.606132980345315
3878,75.2145574597478,-17.54499686061532
3879,75.73550845879919,-21.029838814241
3880,74.13246017056674,-24.033584637004097
3881,73.86040736255406,-21.625487203659123
3882,72.87404439696752,-24.413606510825726
3883,73.19844911760273,-23.905106571437713
3884,71.85394497910768,-20.315150135986045
3885,68.53104400026785,-32.06985108318354
3886,68.11105755768995,-29.957010162855024
3887,66.54737320944184,-30.259636924384306
3888,65.66006855503403,-30.87510703514204
3889,67.5655668554868,-34.50118170547766
3890,64.30631954440096,-32.05877173159654
3891,65.40770273866087,-33.54615489481808
3892,65.12907369239234,-33.954289239865126
3893,65.25883167889727,-39.13518218552048
3894,62.65029279169688,-34.73673134419696
3895,64.51325721322695,-37.95347933270266
3896,60.36810754567976,-36.55379292109019
3897,61.588944828070446,-37.416026294062085
3898,62.49010348962507,-38.23487898281017
3899,79.11067800976727,-17.623194747889077
3900,79.16630721781281,-20.862328875499937
3901,78.3358557647021,-15.814589005850811
3902,76.89406647302096,-14.796338330385126
3903,76.63052826031996,-14.966893683345194
3904,78.52479769331072,-20.212763423577865
3905,77.45819124187938,-20.92545862375913
3906,73.6901185554076,-18.892547451758407
3907,76.69101774530651,-20.97187352931983
3908,74.14740494951266,-24.161222661794323
3909,74.03878931860213,-22.03473642950331
3910,72.63762911478739,-23.541055514757886
3911,73.5170332999586,-22.833760974985694
3912,70.63488185439275,-20.06339880427045
3913,69.12698980231053,-28.86717648035275
3914,68.8451049688162,-29.391366322476845
3915,66.3419381889638,-30.649211461951438
3916,67.64089698348526,-33.382755910844025
3917,65.6932808060934,-32.70500975114875
3918,64.72043401691576,-32.34738569688815
3919,63.14026423795631,-31.926294333013633
3920,63.02577698422535,-32.05011473318168
3921,62.14088324626946,-35.789079299792874
3922,63.00970702516745,-35.55074582579946
3923,60.640902935369056,-34.26237078034063
3924,61.13060818923138,-36.98304053801821
3925,60.231662996324424,-34.56345036940672
3926,59.90680488216839,-35.17584116587682
3927,79.19370442731764,-18.42069453015477
3928,79.04609243283122,-18.53826643123285
3929,77.31882793946052,-14.061097850654274
3930,79.87104676613897,-17.16412423098984
3931,77.26267629811045,-13.978026989038172
3932,77.4543270280963,-19.485643749606677
3933,74.26038593947754,-18.617821485560544
3934,71.44605235353576,-18.472833421532236
3935,75.55196271569481,-20.548475227136255
3936,75.34675431400201,-16.69183254554819
3937,70.56184001543258,-19.981439891623452
3938,72.58492334144002,-22.73883404441948
3939,73.17799497117441,-23.189221504979713
3940,70.84211159894888,-20.156290305146246
3941,68.88779275590208,-29.35425057100539
3942,68.85147227925331,-29.724892468340776
3943,65.08465013833322,-30.75397809109562
3944,67.87110008166155,-33.392791623617164
3945,65.44330936018433,-29.183972982519254
3946,65.63142640868597,-33.1106111757483
3947,66.33521335414343,-34.261445159086406
3948,63.06737746353659,-32.03818671482135
3949,60.47571316636398,-33.339827077898065
3950,62.437553231018434,-35.85083392305674
3951,61.94077783185985,-35.88698868813011
3952,64.7674802201326,-38.55492925284175
3953,61.28910681088841,-37.129212635795476
3954,64.85280685603115,-38.69041293025397
3955,79.42060696944719,-18.345358410758564
3956,78.58817481303858,-17.013260398181846
3957,76.80013087560415,-14.935224819037195
3958,78.67752340069255,-18.505417553874263
3959,78.65574478170602,-20.513622164783712
3960,75.83645317547278,-19.12574583386006
3961,76.10112719396959,-16.453378295790134
3962,75.28612992397761,-19.31050115789203
3963,74.64760919055662,-18.120429742775777
3964,74.14101559369779,-21.706936541335864
3965,72.05513339682591,-19.681569209942992
3966,74.0203208265669,-22.270412622756425
3967,73.88871614197899,-20.677949958105152
3968,71.456361527345,-20.946817824644295
3969,68.42825902275449,-33.03175189483454
3970,68.31647006807464,-33.180981760879426
3971,66.50937937748088,-29.720622821349455
3972,65.43303719000566,-29.074043865629484
3973,65.38755719002708,-29.8108337982479
3974,65.92241784366735,-33.11150587974993
3975,63.173879536673184,-30.541863125243434
3976,63.01808213127621,-30.771743083793393
3977,64.94795075828857,-38.463830163257455
3978,63.47083309935202,-37.52720151323209
3979,63.21577848517869,-37.55713880371607
3980,62.155084782036354,-37.361583681031426
3981,62.1922821286658,-35.06226671725693
3982,59.87745999716065,-34.29345612746583
3983,77.78560884157747,-15.089226603018364
3984,78.61981399613579,-17.149822217718132
3985,77.15625481505447,-15.219035729328265
3986,79.76352084891616,-17.06066287261737
3987,77.7650280494667,-20.934263287294684
3988,78.6018156612631,-20.311780999774385
3989,73.39287121194872,-18.40426712821546
3990,71.52708569462189,-18.442360422542283
3991,74.16252154579207,-18.62060655382848
3992,72.125575648552,-19.53003591895241
3993,74.99883044840217,-21.709142877513514
3994,73.38819049237755,-21.456644173817608
3995,73.41127197572173,-23.903597065532498
3996,72.53868663565966,-22.504662266046996
3997,68.89930230441674,-29.344102012207212
3998,67.75627204570795,-30.14235082377052
3999,66.67643683481585,-29.827589804431188
4000,65.03061152128888,-30.23739526875724
4001,63.2012783990815,-30.41203021439964
4002,63.76682468716395,-30.72990575598416
4003,65.06471520355049,-32.71422959659557
4004,63.528929028247774,-32.27905979673475
4005,63.11357668010242,-35.89756762907899
4006,63.32245479773633,-35.95468417036285
4007,62.872637075793456,-35.361906489390265
4008,62.24231345155809,-36.62352898747879
4009,60.882151546611844,-37.078539045268485
4010,62.256807252510846,-37.533945480615195
4011,80.49078633969542,-18.34266941062608
4012,80.3815740436866,-18.42222289210577
4013,77.28494576507404,-15.765419958448987
4014,78.56629926220768,-19.367310094085692
4015,76.84070773581776,-16.076602877964433
4016,78.53165624746116,-20.965979175416575
4017,77.3652524934205,-20.300580509949626
4018,74.09507560118672,-18.669621885950953
4019,71.48059655978655,-18.81979332778841
4020,74.16893041735295,-24.069110804628714
4021,73.94988598855711,-20.685276264662885
4022,73.07082949989426,-21.34686830634516
4023,72.95721377445672,-24.31213161737002
4024,72.55840435097704,-20.919835173365406
4025,69.33363049906357,-28.597887308325173
4026,69.32089481452321,-28.605469954261206
4027,66.55752210400871,-29.586258917560176
4028,65.17875050517227,-29.056401465074604
4029,66.19464346076347,-33.07078513918967
4030,64.144273805514,-31.912630266546714
4031,63.465578751127886,-34.00166658570113
4032,63.41425736655244,-33.97526885884463
4033,64.77534879901455,-37.26831256020298
4034,61.86850168509806,-33.34072153732941
4035,62.957343365694975,-37.407493296078314
4036,61.50528369945136,-37.388824170001925
4037,61.91412995269205,-35.930631685895214
4038,59.94401947517824,-34.351687912064605
4039,-50.405362541166056,-29.28505010025264
4040,-49.033545346038466,-28.3967314912848
4041,-47.96651740605592,-28.90610020080924
4042,-48.854696299868074,-27.05982050271744
4043,39.812618009297296,20.293891235107047
4044,-45.10874243503046,-26.74610533870066
4045,-46.306440308431455,-25.27205964048904
4046,-40.51807810480028,-27.882929177326073
4047,-43.639228886095694,-26.25348782033705
4048,-40.45286524962003,-27.85496943899218
4049,-40.30881704584507,-27.96547100814118
4050,-38.146847440786715,-23.71186466862714
4051,-38.773045270251075,-20.916966157746838
4052,-28.013061850165254,-29.448652035172504
4053,-38.31258311051069,-20.509346717932473
4054,-37.868344380527944,-20.37336977683441
4055,-32.883931312110654,-25.203996857485503
4056,-37.72593313372563,-15.156997250380005
4057,-34.83368018298972,-17.103859803193618
4058,-35.367106596120365,-16.922996256168382
4059,-50.38181364902312,-29.333140847571812
4060,-49.23471093981673,-27.990307060352187
4061,-48.41778698813948,-28.64286802557476
4062,-50.202525509813306,-25.01768617056166
4063,39.81646719280167,20.304849579498338
4064,-45.21536952595214,-26.340939827657543
4065,-46.00978792936081,-25.389808826264467
4066,-44.37580985553594,-25.69586993013013
4067,-46.45995980518481,-23.12935788721801
4068,-43.47502677244928,-25.478332752086807
4069,-43.069425357646736,-25.173719038142167
4070,-41.90498332619165,-19.830738219923767
4071,-41.70047962555372,-19.31288904409667
4072,-38.95776879063282,-21.190366590324455
4073,-37.827023873408805,-19.89589529575829
4074,-40.7253565475689,-17.268386343505757
4075,-40.55353241194565,-18.138823668516846
4076,-41.186289796042644,-15.304425404663036
4077,-39.36132448677997,-14.300249806450854
4078,-35.106281031612795,-17.099593210255435
4079,-34.39508149060191,-17.048083449884157
4080,-36.40920263203421,-16.418651457247552
4081,-50.242160735251964,-27.77886951635076
4082,-48.78208432684874,-28.38914472873186
4083,-48.477336393256614,-28.508210805389155
4084,-50.22749270813401,-25.122451249400324
4085,-46.06937557028859,-25.383479249576272
4086,-45.28553859015428,-26.17515043191284
4087,-44.44873191616606,-25.57543288827613
4088,-46.070642157951156,-23.471778932646934
4089,-46.354257802522994,-22.627532996570732
4090,-43.28622001407943,-24.908418228716833
4091,-42.03936787306523,-19.73131745731512
4092,-43.044448929842844,-15.667318050372613
4093,-38.96092133384372,-20.73620125921806
4094,-40.71582352085685,-18.472927217327992
4095,-40.245657406794344,-17.727697846610575
4096,-33.017582064799626,-24.98014604394378
4097,-40.630637422020534,-15.71079279420568
4098,-36.97843782103319,-15.497633819401122
4099,-36.89929597074035,-17.16001281518595
4100,-36.792185478412925,-15.462047529910533
4101,-35.55275587872721,-15.638207160695865
4102,-50.09427815050053,-27.93908567194238
4103,-49.8644284550168,-26.821978420950483
4104,-48.28596402810952,-28.713550178039608
4105,-49.268889017927926,-26.865772101519248
4106,39.813444495386456,20.297592888528655
4107,-47.878318204598074,-26.610668990852375
4108,-44.96868767062169,-26.51450929739053
4109,-47.107153214211344,-22.743177000300275
4110,-43.85026522004655,-25.491612549570803
4111,-43.43575563886254,-26.269925978125077
4112,-43.03976506430686,-25.195138411303713
4113,-42.871558610087824,-24.521864908935974
4114,-41.557263436679634,-19.74874138371364
4115,-38.649006862268664,-21.161456014709326
4116,-37.813964642258966,-19.864231098031837
4117,-37.70857447489841,-19.88354099561033
4118,-40.087069274688915,-17.705627055409003
4119,-37.37609868310728,-18.189156903413558
4120,-36.94799320780746,-15.487775683858812
4121,-35.649458350095685,-17.02840039252006
4122,-37.65198951460538,-15.149581915150755
4123,-34.558928448955385,-17.058423744632695
4124,-50.70649792639254,-26.995717896093623
4125,-50.210046430367306,-25.647031265190602
4126,-49.83163475360061,-26.618917187643177
4127,-50.535123305076276,-26.117266533017453
4128,-44.979266261318614,-26.363916972007306
4129,-47.73167756009497,-22.38808909569287
4130,-47.456941212576474,-22.3863217329227
4131,-46.231382451202535,-23.37016635613121
4132,-40.269742902168076,-23.381073576401583
4133,-43.18777990361003,-25.075906555193527
4134,-42.542545622424186,-19.33295851233005
4135,-43.128778458185984,-15.664811738691848
4136,-40.84993891902047,-19.56415111135856
4137,-41.167324372874674,-17.048177036893417
4138,-41.32381947332948,-16.178637584441493
4139,-40.35788931005337,-17.54588689169535
4140,-42.06344276327847,-15.053544013807375
4141,-39.34417422041234,-14.498663023112464
4142,-38.78705603803955,-14.935657656748129
4143,-36.044207402781126,-15.629260250052248
4144,-50.24559498547686,-27.602276807559377
4145,-50.28099472753297,-26.373835051529763
4146,-50.0970088173632,-25.871649899462845
4147,-50.30062375561808,-25.14204792959689
4148,-46.96347920455347,-23.765278455617203
4149,-47.51252612500873,-22.651329862874494
4150,-47.41946564463008,-22.362354854089237
4151,-46.49263552015553,-23.141545123701547
4152,-47.025939652513195,-22.232541365284494
4153,-40.03329741654928,-23.32145062316497
4154,-42.643228871994914,-19.27234296033955
4155,-43.07583094847655,-15.594735742720484
4156,-39.33616110404701,-21.343435956768626
4157,-41.67280817195929,-16.153137848749903
4158,-41.390429567226995,-15.979309429053849
4159,-40.56700559693274,-16.230877419606514
4160,-40.78597841005576,-15.67195387828007
4161,-39.41994312556305,-14.280140417542448
4162,-40.06336043269762,-15.34238530542913
4163,-38.730094195847244,-14.987233787191725
4164,-35.49272430103293,-15.512339185836753
4165,-21.16573395007055,41.26867803490136
4166,-22.423085691980397,41.564083097952285
4167,-22.55305096972859,41.462323234661895
4168,-22.518255265862226,42.50502525886853
4169,-21.388143233433194,46.95557337994527
4170,-21.89610557845268,46.99451069309061
4171,-23.055816307090687,41.343661552486445
4172,-26.073725347198906,43.5858528216435
4173,-26.155748263225263,43.58720524548624
4174,-27.654896118608132,45.43633031820537
4175,-32.113792743087174,44.482036556460336
4176,-34.96192658934987,47.14752259019531
4177,-35.19580228862909,47.38932810706384
4178,-35.07366065877836,44.76025330812744
4179,-35.499259998348506,45.40561463117479
4180,-37.02433544836921,47.66773345472229
4181,-37.65517940168398,47.727747009060494
4182,-41.24470195469991,44.72844784707839
4183,-41.607805074062355,44.50003368385928
4184,-38.90999477735286,48.85196585750082
4185,-42.48469815479339,45.28500803445402
4186,-21.523669495331117,41.567480300839954
4187,-21.25169553725815,41.65728161086885
4188,-22.602926591959594,41.6937629270813
4189,-21.975949849386456,41.25491959059433
4190,-23.217518800341605,40.071455712919786
4191,-23.00666679043812,41.21813944245431
4192,-23.58082125139514,39.73948067095476
4193,-23.955933926470692,39.12767865784121
4194,-24.988608582958644,42.22011267674777
4195,-27.41114469389289,45.09594973216208
4196,-32.288400344547064,44.58495672861818
4197,-24.009973609511267,39.36457823245413
4198,-35.28087700415757,48.017128852868964
4199,-35.5138714027743,46.95899407187389
4200,-35.75914761999402,47.321547444027395
4201,-35.98298371172323,44.542970153922354
4202,-37.52106926728377,48.26343657678897
4203,-40.71693233709857,43.809744536945836
4204,-41.15541287764284,45.003413338030356
4205,-41.78899751948694,44.96059139209232
4206,-39.41753192230808,48.934053721278424
4207,-38.482703541253926,48.52091756369023
4208,-20.86166742971329,44.58729936385309
4209,-20.729700034379583,43.36224170358146
4210,-22.63138728229322,41.433954553196905
4211,-21.402637751370442,46.86379342953725
4212,-21.758370120885175,46.47952813057875
4213,-22.205359453993694,45.959966596073684
4214,-22.816247858370623,46.66123075177765
4215,-23.802788272657732,39.53043572508739
4216,-25.752676847637957,43.06527833702165
4217,-27.284383546085664,45.76983775833804
4218,-32.23906158631871,44.720466818581414
4219,-32.81238338069542,44.545121404782094
4220,-34.24395731328973,45.62263222153417
4221,-33.97653164961144,43.47050784547608
4222,-35.311318630952876,44.900994566174255
4223,-36.24292595010533,45.97196368654743
4224,-38.410539629647715,45.16655191975807
4225,-40.84640109912178,43.75320137538301
4226,-41.23957499117697,44.15201698725927
4227,-41.42299886119349,44.817222598902475
4228,-38.67897778932667,49.10151874732133
4229,-42.52491863793413,44.37921012409092
4230,-21.36022450560909,43.9203144414534
4231,-20.591988821092695,44.83713658209109
4232,-21.773676774736234,44.13989780713761
4233,-21.602283023451168,46.99791873263453
4234,-22.341471940389233,46.74016805141358
4235,-22.737883853177287,46.63190706819048
4236,-26.032500340502988,43.530475046914134
4237,-26.443684075838654,43.99727901461004
4238,-28.072038783603652,44.9349131894103
4239,-33.74749832258816,46.86014957670462
4240,-33.27089246041323,45.54341112390048
4241,-34.11411419037816,46.924540391722346
4242,-35.089994839854725,45.4780668086633
4243,-35.595866124783484,47.21503495372282
4244,-36.41241547969292,47.17813928225168
4245,-38.23464185472277,45.35380010420995
4246,-40.84243633294226,43.60199231750048
4247,-41.65408964070045,42.353024184972924
4248,-41.88705071471602,44.02139847701584
4249,-39.458592670493154,48.92927546687551
4250,-42.48620341921326,44.925004043748814
4251,-20.833852119233693,42.87331241575136
4252,-20.461788009947195,45.22266506820755
4253,-22.847419239084616,40.28100737694647
4254,-21.253311206661486,45.289745850674464
4255,-21.90859440803828,47.22784389055701
4256,-22.400287956215703,46.311062945853614
4257,-22.68087855363286,46.772619481711956
4258,-26.474941479793134,44.247068117739055
4259,-27.06192929786362,44.86072911518223
4260,-27.492874806084927,45.4659876385368
4261,-32.63918004424245,44.78157781507218
4262,-33.05136483524113,44.966206208088956
4263,-33.775902681018984,45.73071575351197
4264,-34.041578129402566,43.87843610683027
4265,-33.99373053201764,43.35939781695319
4266,-36.09294352885934,44.9397466845114
4267,-39.57433263482537,43.740639694805296
4268,-40.69296873123096,42.97584214558556
4269,-41.489991794288,42.576677086171664
4270,-41.687405129323366,44.13459176003088
4271,-39.73457642124147,48.88476054827113
4272,-42.57608516681731,44.76182388963845
4273,-20.660095741345973,43.95698250029171
4274,-20.417313733630625,45.34704151014492
4275,-20.818492425509188,44.32126888490363
4276,-21.163948927937287,45.24567533597626
4277,-22.022100131395987,47.84326857259511
4278,-22.669547917990002,45.845839471928365
4279,-22.878966998689677,47.12946525309787
4280,-26.75059656766762,46.14672461859286
4281,-26.792067119602688,46.22716097345772
4282,-27.25302417578689,45.641170595369196
4283,-32.58487288835874,44.15099709666767
4284,-33.04922647053294,44.910836661265286
4285,-33.639250927627415,43.26114219398927
4286,-34.04083876617881,43.880896200314666
4287,-35.79623007714022,45.05544975157852
4288,-35.943504205014236,44.998711089977604
4289,-38.57599032295637,45.01123029258454
4290,-40.595362656871245,43.06841891293757
4291,-41.548382253672536,42.497484269033045
4292,-41.81210891132234,42.45203299766451
4293,-39.59215905983589,48.99738639619938
4294,-42.56320514025305,43.665799215655234
4295,13.345056094176856,-76.78178861099855
4296,13.494946256491964,-76.44601158966566
4297,16.308058483297458,-78.65509580987437
4298,14.597990865691107,-81.04334990377093
4299,14.354018192294243,-81.07429357666571
4300,14.002508570381224,-80.72785806628106
4301,13.031518803928915,-79.41256616014167
4302,13.581604530090535,-80.75356930132209
4303,5.702831476081612,-89.75651299076239
4304,5.449761236626657,-90.70200725584642
4305,4.265083778733495,-91.32498221732564
4306,7.357174501811708,-91.27156412293076
4307,6.002042369688349,-91.9112853583471
4308,5.527357257018638,-93.77675154627232
4309,6.275693169010692,-93.60515359499536
4310,6.053545977418171,-94.98263624732918
4311,6.657056867588794,-95.26598169485862
4312,14.604180992557453,-76.49724385472159
4313,13.955700944409902,-76.1992340533035
4314,15.282974325064634,-78.53918704820188
4315,15.606636835257587,-78.75268697363916
4316,15.170189902399985,-78.96248812133778
4317,13.270958876432465,-80.87939216680581
4318,13.070454946354184,-79.2094886120049
4319,12.67574263173523,-79.61279298642623
4320,5.56812359629974,-90.23477273510935
4321,5.438354839952466,-90.55643490522814
4322,6.450544449682758,-90.9658745076074
4323,6.005397055391432,-91.34847830394078
4324,7.180947085498322,-91.542639219229
4325,6.753913806307557,-92.63795854258767
4326,6.678858235600163,-93.634642123463
4327,6.1119672117976265,-94.7384129321332
4328,6.8930122944514105,-95.44306625033957
4329,14.661657000082979,-76.56591109657624
4330,13.794287388150758,-76.24731554121215
4331,15.806592225296498,-78.53601193685095
4332,15.38291819004472,-78.82492951320401
4333,14.445165083302205,-79.1376917136724
4334,13.841712377070738,-80.90351224423739
4335,13.67208301261562,-78.989965233643
4336,12.42726858221868,-80.56463238317032
4337,4.275908790736274,-90.9671685581509
4338,5.162334284394231,-90.55506517338017
4339,7.570257590018119,-91.05826100511632
4340,6.538244047318619,-91.4356252842356
4341,7.078985113345172,-91.60534915952194
4342,6.840630683400613,-92.45028666698883
4343,7.08523314709706,-92.49723678665706
4344,6.131459268893678,-94.77042311182794
4345,6.830601247309751,-95.38564287740348
4346,14.712471703812486,-76.61581516267312
4347,13.724898565374145,-76.28656766731814
4348,15.030934686599865,-78.55130227876501
4349,14.549282470839527,-80.98264816638974
4350,13.84672987193099,-80.6748711168544
4351,13.336772097863097,-81.4874764857104
4352,13.68288346696905,-79.08286053100053
4353,13.18555661554913,-81.06309765558177
4354,5.940465877924838,-90.10124795165537
4355,5.515747265871639,-90.58495771659533
4356,4.581647775534165,-91.41321623587677
4357,7.115462007678194,-91.39947122658454
4358,4.992568957553928,-92.10854970802464
4359,6.511979134253875,-93.34588437773881
4360,6.449931279303267,-93.4858433833982
4361,6.409309518232034,-94.90363686865166
4362,6.927335827494805,-95.45547791687062
4363,18.11329057161421,-77.909941626325
4364,17.18708814638578,-78.51149495689442
4365,17.83784149724127,-79.3087394351417
4366,18.187620504737993,-78.40357602377824
4367,18.261779424382496,-78.39919215630117
4368,17.47253746515594,-80.46672174814947
4369,17.67623282315153,-80.4845825496889
4370,15.863590519048433,-81.92229308611226
4371,10.552089087132837,-90.43830093030434
4372,10.94768913865101,-90.52788341867435
4373,12.577590602795402,-90.76895443717886
4374,12.425878433039935,-90.93370110222119
4375,12.169546805968569,-91.37056394954446
4376,12.315516172144438,-91.84001405503341
4377,12.314300643431517,-92.11219112225014
4378,12.374393163577686,-92.91080189495392
4379,12.329994262161804,-93.21149199237466
4380,17.436583861738182,-78.75769704912241
4381,17.79749394396503,-78.1764204180236
4382,18.1307552725625,-78.28822366971214
4383,18.116096325009284,-79.6501849396664
4384,17.905116556845964,-79.71014286436912
4385,17.79570111470594,-80.01517377346116
4386,17.617122272427263,-80.48303061016495
4387,15.72350834264548,-82.02921241032607
4388,10.955130028739063,-90.51053152945407
4389,11.635212260672116,-90.78763990820063
4390,12.151370843027834,-90.93390387386438
4391,11.931774562694127,-91.1093135949813
4392,12.163860760793657,-91.33984424557102
4393,12.309247220567316,-91.8324986309493
4394,12.444117696801097,-92.68867642425367
4395,12.33323756871042,-93.1890431857017
4396,37.596931279899316,47.632417876170116
4397,37.67343008333016,47.4777833682248
4398,38.013339033706885,49.938030125908064
4399,37.42432027354444,51.81730774379328
4400,36.191928309861765,54.63332690751742
4401,40.376825436575906,50.639323512014066
4402,38.585899260596335,55.07739242257617
4403,41.792786057306394,50.283249690224025
4404,38.72493982874473,55.196262729665065
4405,42.33246612638827,50.34508731024046
4406,41.49666727376455,51.05015807228993
4407,46.42846046763476,47.75688021841091
4408,48.21947457777906,51.11798382142735
4409,47.077581230992934,47.925443403183046
4410,48.54959761390171,50.153962809807076
4411,51.682185715635974,44.99745481765442
4412,49.377042858806206,49.96266044139527
4413,51.768311557385395,51.81978534731616
4414,50.91925794653554,46.83446407182496
4415,48.60606413499307,45.69327736324521
4416,53.20515285279115,46.941793566321465
4417,51.693798270361306,47.55997356784621
4418,54.48571765264136,49.19595453817503
4419,37.65295602939281,47.829134087741345
4420,37.958124656267955,47.41645831749797
4421,35.28597210540108,53.93268575163727
4422,37.45552131002019,52.23787523279214
4423,35.69625155716307,55.241619096014766
4424,37.24156644804094,53.69128339300272
4425,38.41820437905405,55.16729430695539
4426,41.04174564709808,50.504031895567955
4427,38.0237847847253,56.52934753751071
4428,42.06798664685607,50.32084482839924
4429,38.37997987022823,56.30598581406459
4430,47.310559246248616,49.58357333030496
4431,47.52085208675245,49.660186623041376
4432,48.30015187752923,49.44784324455368
4433,51.92144587454036,45.635868735442514
4434,49.35964599343985,49.94244094562227
4435,51.2742747687498,46.4991473592938
4436,49.1595475230973,47.91390443111487
4437,40.80807057416356,37.320702545007926
4438,53.24430551497924,46.96648609033928
4439,51.82235139435278,49.7937331992873
4440,54.375159543856974,49.465762386703545
4441,37.11258290022721,50.811532780338354
4442,37.17762722821057,51.26345468006434
4443,35.36695557823987,55.550293174958036
4444,37.119642708150145,52.64206313901642
4445,36.1595780092693,54.62506358365126
4446,37.43052306823931,53.59204109160937
4447,40.26749183876087,47.866189132709714
4448,37.76706539761056,53.60350019486337
4449,37.69031385431266,57.19812184656054
4450,41.426738960919465,50.57581261171287
4451,38.45407506924928,56.11584039330546
4452,47.68605305345671,52.10563523152098
4453,48.41816029214238,52.38805943076904
4454,48.2551140545631,49.648636003482856
4455,47.636456782182954,48.12270611719891
4456,51.432200560211,44.5377437042062
4457,52.595511270847844,50.67583549850408
4458,53.485962520873,50.82993241832635
4459,53.61378830412386,50.97782405378714
4460,50.79135577285722,48.71239755599286
4461,54.21158015553677,49.65270300553462
4462,50.99342237508871,48.11329952562919
4463,54.47766843674001,49.53878250846747
4464,36.0895217497806,52.73735985140525
4465,37.12349129647989,51.365071248721236
4466,39.25553329635634,46.75738244953635
4467,36.719330563715125,53.219803644488344
4468,38.24356055521827,49.734794329697976
4469,37.869633401073216,52.20977194617684
4470,40.69818263731447,50.45962693000375
4471,41.02715005815257,50.57686777166729
4472,39.34946166742756,53.009537198035225
4473,41.83225355911391,50.39681297435319
4474,41.526177811684626,48.01773085374716
4475,46.29620601746215,47.683690104410324
4476,48.25396528843455,52.07165383864394
4477,48.366917883696814,50.74107158022259
4478,47.98998999302189,47.53155605898241
4479,51.7477925129803,45.00672240765673
4480,54.054300505442136,50.63097424548796
4481,53.65895445061583,50.71523683396672
4482,48.59285262968513,45.790805508659524
4483,51.2594625886142,46.86933128157837
4484,42.52648139679696,38.01459231106149
4485,54.54238353366755,49.55277715230511
4486,34.9281758404873,53.95260072468811
4487,38.36983319667055,47.67039184787525
4488,35.49289157584259,55.10969414668546
4489,38.14563255326856,52.28733702474795
4490,36.935550506727395,55.65896729914783
4491,38.93929710197332,52.4727119504553
4492,37.14118440654816,55.74909809992563
4493,40.97180260173122,49.30702635669215
4494,37.635855025141126,57.26345790472957
4495,41.35719522075829,48.357072341120826
4496,41.591582989352524,47.957747522273166
4497,47.81397948205869,52.26375343917597
4498,48.921530186465986,52.830255752461284
4499,48.79671976609051,52.64216223790125
4500,48.19770982437695,47.652801895926444
4501,51.82956138639116,45.43319868759974
4502,50.06093130168386,47.1981783511296
4503,52.86376551852035,51.81179135626806
4504,51.96804093857828,50.33799370965232
4505,52.45972209476581,51.76739249884328
4506,51.01662461985466,48.56768279911879
4507,53.7962958572936,49.442001547028326
4508,36.14643731899193,52.759202824730444
4509,34.66753224918199,54.02164124459186
4510,34.28676251122049,53.87610316461234
4511,36.378721327205774,54.10015909066797
4512,36.66500882913845,54.187461746751545
4513,36.82734058731994,54.199959201859755
4514,39.50217348785712,46.154044879652645
4515,37.39347302220555,55.74054052031953
4516,37.66044924223697,57.21846409623122
4517,40.54271985274129,51.63107693047587
4518,40.67325084040701,47.81660746128526
4519,47.812333424278414,52.16423868653883
4520,47.699864446143486,52.09549648339934
4521,48.936273340367016,52.671478628788265
4522,47.9895854967227,49.339739477604844
4523,51.84813881370504,45.53244409918673
4524,48.77540462171698,47.75419046244783
4525,53.57162615995254,50.93944202451051
4526,51.96795133643221,50.32800513977385
4527,50.66706123006419,48.74168917100461
4528,53.33381782534041,52.07832274124758
4529,51.96029954687966,50.08788889758766
4530,52.31140539835553,51.64033490372887
4531,-27.533478792020134,-48.379859366796786
4532,-29.40175902567935,-49.94982130450701
4533,-27.92138537242258,-49.09734749843777
4534,-29.521203821131266,-49.15919711534044
4535,-33.627164328243566,-45.85272525200931
4536,-33.62955540859722,-45.982296987216735
4537,-31.82703999608934,-46.92280714753571
4538,-33.82696929873496,-46.39738828778941
4539,-34.32200139811439,-45.55344121130603
4540,-34.1914285699604,-50.24341043577226
4541,-34.24836851053883,-46.06768761074687
4542,-41.177610442192474,-44.30503115029634
4543,-38.18650474055169,-49.407593313657685
4544,-39.75283435306615,-51.308615434363915
4545,-41.443928289754176,-44.44761089425515
4546,-41.51225144743687,-49.116656594628914
4547,-41.66924114465756,-45.171622555740925
4548,-42.52447043671829,-46.73511937710388
4549,-42.04661790705935,-44.736428594715015
4550,-42.39670658122616,-44.885098793461
4551,-45.45295025835937,-48.176010490630325
4552,-44.98592287804432,-47.08324677133916
4553,-49.093380527862855,-47.683024457772504
4554,-45.43213008353322,-45.236696564848124
4555,-45.219736724059295,-45.047048124594696
4556,-50.14123983273973,-46.87008624032121
4557,-26.303769839535025,-49.48288225888893
4558,-29.332686051079932,-50.54470089594386
4559,-27.432117220129182,-50.07554766498352
4560,-30.146231008451117,-50.57645811731658
4561,-31.29354424853083,-51.41654917803814
4562,-32.7047945645055,-49.35107454160115
4563,-32.3020002981234,-51.69982848688999
4564,-32.98227645089337,-49.44178821277255
4565,-36.55612634263765,-52.069704892097455
4566,-34.73493408758751,-50.83518652160771
4567,-35.75387362311638,-51.18682124063423
4568,-36.911685390133826,-48.924749427600254
4569,-39.12318672491251,-53.55126331245887
4570,-39.82162080793392,-51.72085022052326
4571,-41.28894522129764,-51.11363715839969
4572,-41.793818590551695,-51.001546349503606
4573,-41.80698527088271,-50.41281074256557
4574,-42.00597967206805,-51.01329671151716
4575,-43.621332448146795,-49.021404363230126
4576,-50.24491532950996,-50.57334650384883
4577,-45.87503860691378,-48.42279837053165
4578,-48.58848800528313,-49.079622451889236
4579,-47.463895101817535,-48.25421302948544
4580,-48.87528892616607,-47.25698082393592
4581,-49.52468943035959,-47.8841893297854
4582,-51.85829926859424,-48.3257918078365
4583,-50.88707430324101,-47.21845689476852
4584,-25.862539197662315,-48.938745544567205
4585,-29.484854669729256,-50.41012127539344
4586,-27.578960613669885,-50.41286894410373
4587,-30.91602271239383,-51.694758921049456
4588,-31.212989298173927,-51.48003830592431
4589,-31.330314980314174,-50.99534754483398
4590,-31.878902717089083,-51.54132620917231
4591,-32.3059324793772,-51.23389021778676
4592,-33.128993452296875,-51.85954577171786
4593,-34.13481040391917,-50.69051243823677
4594,-35.51055401728192,-51.00702964779663
4595,-36.96976739533153,-49.13008213519348
4596,-39.159620654278406,-53.665948261175664
4597,-40.47611979570879,-53.08477961866791
4598,-40.04802671585012,-53.736473532172155
4599,-40.47147068299642,-53.061958772742564
4600,-41.85274586042681,-50.814942590845135
4601,-42.26600415062655,-51.15390527892997
4602,-44.13246642581979,-48.276466541391166
4603,-50.316226424684686,-50.600043748923554
4604,-50.346592918541766,-50.52700910699599
4605,-48.79205770294784,-49.04223622370957
4606,-50.51710601187304,-49.46974608545409
4607,-49.96809847846307,-48.5288436170818
4608,-49.861921200278495,-48.325185453357044
4609,-51.707586808400215,-47.82824879906209
4610,-51.92075264787727,-48.2808827441125
4611,-28.239827015980804,-48.45164115472349
4612,-29.310880187911827,-49.69487781044518
4613,-30.279725412871144,-50.59597616587549
4614,-30.745674525641505,-50.84027648984926
4615,-31.957345001304457,-49.38106552681114
4616,-33.69078185370598,-47.47427293222833
4617,-33.07713713492484,-50.60224276826194
4618,-33.57764312886345,-46.92108787004714
4619,-33.46280130451913,-50.90158895928389
4620,-34.56789157167731,-50.98294674097559
4621,-35.52356112403463,-51.39913883864814
4622,-36.99099476652691,-49.165621581152024
4623,-38.75221552484294,-49.72205669558511
4624,-39.73707596178998,-51.696724746401635
4625,-40.42297584212091,-53.12781083990662
4626,-41.665375455186364,-47.464778315527234
4627,-41.53228076237633,-50.093832404160466
4628,-41.31106318560517,-44.03136883459611
4629,-43.017558619878436,-46.15500612068263
4630,-44.713152870402666,-47.95603303300407
4631,-44.727747750585344,-47.102234651066716
4632,-43.267461504405766,-45.277289856534026
4633,-49.808777079010284,-48.50482571284555
4634,-51.0706769383387,-49.00563396981905
4635,-46.752648887298314,-46.18154230733739
4636,-50.757061122700065,-47.33684526996005
4637,-50.56181919147935,-47.13425347818718
4638,-24.864157458033105,-48.67633481185817
4639,-27.78676865437715,-49.4829747484966
4640,-26.86783064571438,-48.606443943365264
4641,-26.194946955408184,-48.7142214064583
4642,-30.67387344603296,-49.2280296529525
4643,-29.528244884132178,-48.24493039413293
4644,-31.649713619969887,-47.53278326136268
4645,-32.10968077322576,-46.98287188455943
4646,-32.29969237945893,-46.94472367290919
4647,-35.2793832341666,-52.128964884288386
4648,-36.943120726865544,-52.238575653271745
4649,-38.07538400464208,-49.22143601399956
4650,-38.69357196774398,-52.284434906626906
4651,-38.43687589281935,-52.578191503366945
4652,-40.32074988969063,-53.252025664241025
4653,-41.342628184484326,-49.23008180064941
4654,-41.92701732242363,-47.59101521578514
4655,-43.202888884729276,-48.958508392586445
4656,-43.20161035865968,-46.54890003936
4657,-44.49250186994052,-47.45828044044579
4658,-45.20730393590979,-47.82790163742751
4659,-47.199330466712574,-48.47137653233056
4660,-46.06010516675308,-47.55858859112118
4661,-48.18762734712708,-46.79505365038976
4662,-46.643017182846044,-46.11413777876491
4663,-50.114731458397124,-47.382803600882475
4664,-49.65896688602456,-46.69425582968055
4665,-24.782468019009688,-48.67585011478577
4666,-26.263647890333708,-49.43566985369296
4667,-25.919558080358733,-48.78770148844517
4668,-27.288367285073416,-48.438848811133695
4669,-29.441167345546877,-48.25043423762107
4670,-26.792268444480715,-48.02681409665536
4671,-29.460207131472817,-48.056862914644405
4672,-31.804235721697758,-46.92125376990177
4673,-32.27958776835947,-46.94359604828452
4674,-35.52312689973943,-52.489816737815254
4675,-37.00974610209053,-51.78369291928335
4676,-37.25518219823931,-51.408944520995135
4677,-37.54814696187965,-52.625635276656354
4678,-37.982473255847964,-50.593852642603146
4679,-38.00369027369387,-52.776532963325735
4680,-41.24186797814807,-49.13330103392017
4681,-42.37691526666895,-46.902723993157785
4682,-42.51057919719256,-47.10229577288689
4683,-43.51480676991878,-46.49817361421046
4684,-46.71056441889866,-49.43503185295983
4685,-45.05099766346748,-47.58616054832498
4686,-47.13687931727057,-49.03128945670337
4687,-48.81028157665447,-49.07242422781796
4688,-47.47289442847604,-47.796991403714976
4689,-48.32765421056365,-48.801164819465605
4690,-48.396196525083695,-45.93480396655201
4691,-49.985979460227405,-47.298874764932634
4692,51.30433878409336,-21.00964622917079
4693,50.87234520138425,-20.52579768796386
4694,44.483863467012,-15.245400579260242
4695,46.4560426289788,-20.583171910255352
4696,47.72991889662255,-21.320910254066046
4697,46.41299445252778,-20.713932928902047
4698,44.42779409906886,-17.561098626461266
4699,47.417878865660285,-22.58402099396828
4700,45.80977407169371,-21.23677610505682
4701,46.1691902122933,-23.54480985074451
4702,43.410580229100226,-18.06192073400402
4703,45.77261993767754,-24.30362754187893
4704,43.804092109872954,-23.926497009636073
4705,44.3845458155345,-24.961264651973867
4706,41.190838853729204,-18.54540643272689
4707,37.27503760967104,-20.090749516622203
4708,41.11343847746915,-18.523834151649353
4709,37.623441174058065,-25.46422961061713
4710,36.59288972940198,-21.098022542882813
4711,33.512414032512794,-22.40912991842501
4712,35.44398845172645,-21.3278269464477
4713,32.47232509733269,-24.885142264771595
4714,31.758427273423433,-22.75087020499822
4715,30.550851696197203,-24.27413644768695
4716,29.28994344474428,-26.831799890960614
4717,29.97945597263658,-29.920677907133793
4718,30.12982048933461,-27.649994709799195
4719,51.32210568264201,-21.265659064358108
4720,51.3095611968987,-20.88706152172424
4721,45.03166949779817,-15.926598898434134
4722,50.797138012139115,-23.555368623449677
4723,48.07242205111224,-21.68843674631871
4724,49.99456484790873,-24.109028440900975
4725,47.533013995145794,-18.442232966103056
4726,47.47216549630849,-22.523950076337506
4727,49.53065755237058,-24.524792780233863
4728,48.68718624501737,-23.203101252869
4729,43.67769924422904,-18.63986573308256
4730,46.087266371529836,-24.292582856638916
4731,45.00538205207958,-24.469627458887533
4732,44.31289636433783,-24.505437581132263
4733,37.417199169641904,-20.57318389648311
4734,37.59689288620269,-20.92582713911392
4735,36.7647998385057,-21.46252201943287
4736,37.38415363360875,-25.181573467882743
4737,36.55574210927413,-21.05661516856227
4738,32.7521310441927,-21.58255923835899
4739,32.23356028556221,-21.67218678686784
4740,32.61783170263146,-23.36970678834592
4741,31.758728883849113,-22.491023255620934
4742,31.994911138811833,-22.18979062496214
4743,31.305879757697618,-28.37613881533272
4744,29.46361091734804,-26.88563908196423
4745,29.831218221235964,-24.86378848427399
4746,30.043057173696784,-27.699813119332887
4747,51.05478174289648,-20.77509826059339
4748,50.891671022506415,-20.666471536406906
4749,45.83694466473993,-16.825715463236808
4750,50.71327072958261,-23.603344789593752
4751,47.50629021389981,-18.2867398263501
4752,50.01957192649744,-24.261299947092233
4753,47.035119458805774,-18.18098130358671
4754,48.49314212287307,-23.894312540577324
4755,49.57491945044841,-25.116172633845984
4756,49.379135995732675,-25.401164070809024
4757,43.59593565818812,-18.429441264364815
4758,45.259854590518685,-24.770304757501975
4759,44.611623216727715,-25.38611432713438
4760,43.67835071705601,-24.139225937319885
4761,38.12040096700878,-22.704473559811486
4762,38.783106548413286,-22.05729329997958
4763,37.18418333539332,-24.974615083895443
4764,36.82301449032308,-22.399863836829454
4765,36.84842868893251,-24.396903854767015
4766,36.579459171479655,-23.878785811861693
4767,33.14458464495212,-23.741016834326466
4768,30.762994468110925,-23.39499163263668
4769,32.740629533434074,-23.27732147390843
4770,32.069487248422035,-28.58888983231937
4771,31.100491969222407,-24.104809840926105
4772,30.030169695627404,-29.894076898646283
4773,30.05109683845414,-24.891348644691682
4774,29.03654069138867,-27.993120695396076
4775,51.29694318022599,-21.2158482912991
4776,45.10237876213761,-16.073043984851367
4777,47.50163232225589,-20.845874907502715
4778,46.3424440375072,-20.73249894301922
4779,48.95552801841947,-23.074342122690812
4780,49.79574077351374,-24.43579104337452
4781,45.68913627458366,-21.362583817784195
4782,45.70785685498534,-23.305755616927026
4783,43.62582844769546,-18.793989986324384
4784,43.59242821616206,-18.74822147299472
4785,44.654716058015055,-25.220170504031362
4786,41.9788431451053,-23.43878810982446
4787,39.0519450617067,-23.274909092197102
4788,38.7025708320434,-23.54685073035629
4789,37.93327332119126,-21.305860209861056
4790,37.19518656364199,-24.73310198370893
4791,41.071357869777806,-18.560428232374367
4792,36.42955241874363,-22.726239188201387
4793,32.71735260541309,-22.195062855050473
4794,32.30355566748686,-22.73256661276038
4795,31.331984623927454,-22.259315064062367
4796,32.07643228102441,-25.017070285176796
4797,31.277508384283898,-28.656604881049397
4798,31.785912093138933,-28.870873379376036
4799,29.982834998549222,-25.03010096008633
4800,30.094357569363567,-27.678801705966585
4801,51.66577371134207,-20.859370733054213
4802,44.68078556138908,-15.491844095774995
4803,45.66891130629957,-16.593982062220643
4804,44.439219806229815,-15.202940717403774
4805,47.82966792608004,-18.406091316914907
4806,48.13298733756708,-22.066496275363193
4807,44.57013015428884,-17.56508790440348
4808,48.38251565673454,-24.959727394927274
4809,48.34130888256711,-23.74016643732462
4810,47.12094030841239,-23.693881280379586
4811,45.59667669496384,-23.988942237540314
4812,47.1152960061906,-25.377638944141765
4813,40.58465055483387,-23.2850480118253
4814,40.57599248833832,-23.340097219501914
4815,38.328917964081086,-21.470203216932095
4816,38.88709695286611,-25.38725686191523
4817,37.69297489373605,-25.315662880141126
4818,37.003518312886655,-25.76139338730901
4819,36.55692654842353,-21.611752383501614
4820,35.51475254876393,-20.638561172726817
4821,32.57805819808119,-24.827539378200058
4822,32.335218442981855,-24.238451112694296
4823,31.82904826227823,-22.701124855345775
4824,31.557374751981722,-23.632229176379422
4825,31.03121479504455,-28.556304395203863
4826,30.81547483897253,-27.539428748209176
4827,30.055985331634158,-27.669035639935007
4828,29.513892768215936,-27.4953177708848
4829,50.36271120205551,-19.56924456568715
4830,45.764623032390105,-16.68530488217158
4831,45.18406144011969,-16.1383208980977
4832,48.20813541838474,-21.28117861119874
4833,49.34544489518007,-22.53779167697204
4834,49.71120814354652,-24.02179445317572
4835,47.52564622714334,-21.637167632659338
4836,48.11726937633547,-18.548671543327952
4837,47.53445322215524,-23.3185666583215
4838,47.24070535682628,-24.122993005868917
4839,45.882391898392775,-23.741082689609765
4840,47.20175573991895,-25.428965841300382
4841,40.62873783128263,-23.432959388689184
4842,40.52299309292318,-23.146684992260866
4843,39.316505903226314,-22.894867436374973
4844,38.76513906556155,-25.34018900754716
4845,35.79643833730487,-20.506359718528184
4846,37.06184516889898,-25.708383555233834
4847,36.532163837731055,-22.204119137197395
4848,36.71578682970751,-25.200714322044753
4849,31.37222171517188,-22.01671105192558
4850,32.558935500747005,-24.96879700453454
4851,32.02473724230462,-28.501487198705593
4852,30.62772160921632,-23.5473386902003
4853,31.480796910427127,-29.46779090224141
4854,30.91332127407152,-26.509999687657558
4855,29.30871819208365,-26.86092672387898
4856,29.755667358468344,-27.95141609065107
4857,38.61985293053929,23.9054962005771
4858,38.509774268160555,26.18016416338725
4859,37.45171868423579,29.049671949377327
4860,37.52099878159182,29.022299191928823
4861,36.37924045757422,36.735735000793056
4862,38.84908658910854,43.917757887434426
4863,37.928493638876155,32.739792331393254
4864,43.47376011068824,36.858512466078466
4865,39.505034452608456,41.59242846547755
4866,38.64748267918178,32.67662888840279
4867,39.52098487131837,32.31587509535421
4868,41.8543391870274,25.84258093026788
4869,39.99376963911724,30.27201239333331
4870,40.82598631609612,30.795131210018926
4871,42.07048416427177,27.337656955496307
4872,41.93624145548866,25.262557071422762
4873,41.84947165060415,23.353331425306127
4874,41.335625087867825,35.52096353300375
4875,39.887983001890404,36.12477381699287
4876,41.494142669692984,24.21364463457783
4877,41.09614760858868,23.787176376177083
4878,43.24344617843492,25.16182751419424
4879,37.43342693121419,27.897792233758075
4880,38.81563592930922,25.20624062072283
4881,38.57499574191325,27.771892827925182
4882,38.78411259417519,24.066251695129093
4883,37.95386674968006,29.012840458754457
4884,36.52766322601269,36.71573638509225
4885,39.09848239284852,25.569921796449268
4886,43.810967967943185,37.07718334618846
4887,39.425079706697936,32.24317914581179
4888,39.83684796487493,30.1366408940031
4889,39.756451782238535,24.38974303500268
4890,39.023439278997955,34.04551256230605
4891,43.75288476028596,39.406298790166275
4892,41.80373558141196,25.13110522694452
4893,43.71444295051885,37.750694226272564
4894,42.13242303137499,25.987517796381578
4895,42.297871735988956,29.379589765327427
4896,40.14460633034802,37.97971914785309
4897,42.422481969069864,25.893924402328455
4898,42.925986867362155,24.59676737848645
4899,37.454468434007126,29.88198067169217
4900,37.56002664062791,27.89836443841971
4901,37.427917585667046,30.450327416301494
4902,39.69131441545707,25.7694779723271
4903,39.02712708585928,28.526193585523586
4904,39.37595751386314,24.542037578677824
4905,39.26549269046613,41.56867895788267
4906,39.281680285612474,28.907342051501058
4907,39.173700897560224,28.318144768267747
4908,38.68240230597859,42.629361971414
4909,38.979357206180296,33.68001898722764
4910,40.58666156031247,24.210291841026226
4911,43.50487887183161,39.92473102514322
4912,43.16000999742818,31.803759721462544
4913,41.03145242707787,24.09742941450364
4914,43.06594908860437,29.632660868443182
4915,40.04924348412597,37.505825468823964
4916,42.6485927828862,29.64068483638
4917,42.79204806667515,26.24852133984551
4918,41.49813348567703,23.854361212709573
4919,42.482037400495656,24.626159530670982
4920,36.45791603162512,31.808971835035862
4921,37.19350940846291,29.257264677113763
4922,37.67058074460434,28.000302538529517
4923,37.45336607232053,30.710345427074092
4924,37.85527733095479,32.95823056725667
4925,38.024373424083834,32.07384511612438
4926,38.911106491531775,41.62224680254438
4927,38.49675975112632,42.34819671487133
4928,40.77403218862629,30.14008843211735
4929,43.458971429128134,37.145110072415164
4930,41.14819764562407,26.67091894041136
4931,38.955467916837684,33.29219257095092
4932,43.72618095358064,39.695598476682406
4933,43.3280037323362,37.39113607904676
4934,42.086697429901314,26.74704989045039
4935,43.65764718475526,38.6309798624623
4936,41.249483059040124,40.54830763015265
4937,43.67833996517127,38.30877597840901
4938,42.64863324831963,29.551309473995346
4939,42.096719471200394,24.71335339859998
4940,48.882782405707765,44.26967635916993
4941,42.64641943774364,25.54404089196602
4942,38.158647883919926,26.86031325163727
4943,36.68788270623639,29.47496433868755
4944,37.34996053777624,38.26689588322988
4945,37.958045362993815,40.82455308068238
4946,37.515323582492606,43.10481093496784
4947,37.952716928686904,42.5060694662055
4948,37.991518447945595,40.208841308429044
4949,38.14227692099539,39.05897023166262
4950,37.29888719372594,37.274187668655976
4951,40.80618820629984,29.562607006904763
4952,39.45003679661526,40.895509315116485
4953,41.736504466969066,27.272057582518435
4954,43.02854459625577,31.825264835683573
4955,42.8271461458128,31.59657513547557
4956,43.13004497784744,31.9551240195588
4957,40.93556589890543,35.13280894246422
4958,42.2308478212279,29.08924276346346
4959,41.43217935922469,34.36222957673278
4960,40.24576800656304,35.74171609803611
4961,40.37783746828276,37.879345402387074
4962,39.93800309009862,35.952057026264484
4963,48.72282154184559,44.160059245257976
4964,36.47830330436129,30.513421506110767
4965,36.45381167996031,31.689824562099425
4966,38.03241363424183,41.9994445573017
4967,37.67525814728226,38.75048577571661
4968,37.39520131755484,32.56735211859967
4969,37.45662415067834,38.376844305764735
4970,38.37529419668011,42.09332861342127
4971,38.34449806722522,40.653035475188055
4972,40.8524459780828,29.835943015588924
4973,40.42713014354323,29.19607128379807
4974,39.45200989783725,41.05681928326234
4975,38.56573558680751,39.07613977841692
4976,43.91691149188341,39.06103555954348
4977,39.88292977397222,40.41393211551215
4978,41.83675365286818,29.68329392471942
4979,39.90875160385545,36.38881994171621
4980,40.02670058654739,38.568827461247196
4981,43.47317120278579,38.21082847629311
4982,39.87325899366744,35.50073570186049
4983,41.13457133101707,35.09761324651808
4984,41.44156932298072,34.44206971520528
4985,48.75550642428819,44.19084573451269
4986,21.911483466574083,41.16250595033853
4987,34.932473559017524,36.5820003548774
4988,34.56687785571614,36.90120090297401
4989,29.194555792147234,41.839803682597385
4990,18.891661467504917,39.63303372491239
4991,21.876473117300556,41.6883591439257
4992,18.151778329998855,40.222729821557905
4993,17.907287558677005,40.61041993909915
4994,18.01835774755107,41.880025866529174
4995,20.185683840156468,42.507916764606705
4996,14.688037175397316,40.949756948070664
4997,14.59681085325139,41.5956462871084
4998,14.21385495780354,42.78909155986692
4999,12.919559220810306,44.40037803001089
5000,9.585886483674408,43.05718637415655
5001,10.28826723404433,43.80679275643467
5002,10.394121711049477,43.96440989714261
5003,9.755999211594691,44.960686419775925
5004,6.7085915702752414,42.94999851997681
5005,7.209022753199758,43.262599845059775
5006,3.834038140726963,40.108123359620826
5007,4.777838312814166,41.36357563758279
5008,4.097460973906539,41.739827283176105
5009,3.4839722445130294,43.2232931239735
5010,35.13657148368924,36.3632082421489
5011,19.17452855142188,39.1585902510403
5012,29.797840254885095,41.40284255343114
5013,18.871686030121438,39.60609504963421
5014,22.15403555660719,41.752119210713126
5015,18.043608102235723,40.26830375980503
5016,16.870722897845177,39.729082833409564
5017,18.15154350436652,42.029414887603096
5018,20.166594023608898,42.50942166020615
5019,14.651832002133157,40.86363573648966
5020,14.538763314225436,42.281052794120434
5021,13.74438965703855,43.65050206024574
5022,13.06134799651734,44.12670621118109
5023,9.56960377364258,42.91496966786793
5024,10.583285552067837,42.75014153983942
5025,8.895120200379754,42.83874483866472
5026,10.397078179437573,45.39794579898194
5027,7.411574505181497,43.239436825714314
5028,7.848311269136986,44.61168844062081
5029,4.575407734671032,41.397685494554395
5030,3.9389184239866575,42.994751829600226
5031,4.539320636495181,41.43010483276323
5032,3.1608529774762273,43.51915985113044
5033,29.66218310567491,41.60315265167517
5034,29.89586800516654,41.364885188803534
5035,29.998456345779072,41.252180861785966
5036,18.817034781799016,39.46991484149548
5037,21.756251863876642,41.73200409900276
5038,17.969263646456575,40.15764061760785
5039,16.886170656074174,39.977474158212075
5040,16.74047706677992,40.1844667612471
5041,34.35098351846501,38.172468680803384
5042,14.738006002487475,41.54126234602478
5043,14.496480156310275,43.354509791429805
5044,14.138225915413916,43.36709006334089
5045,12.98313449350431,44.28884823921263
5046,9.204495327537614,42.642209938036
5047,9.019503518584507,42.618292872207896
5048,9.97117435712178,44.80502147702949
5049,9.365019089801342,44.46023285558715
5050,7.935999478338769,42.727177758466546
5051,7.205179444628278,42.99457749606306
5052,6.083941309411662,40.231684043989034
5053,6.181917827777113,40.4255405425432
5054,4.17557276763912,41.670705723585115
5055,3.49426830547555,43.11895501125594
5056,34.50510916886293,36.896788298284804
5057,20.120759824064947,39.68185639339251
5058,21.803280003072885,41.46884627948591
5059,17.563685818808892,38.34715682074561
5060,34.36190425199261,38.14102383092889
5061,16.93630337354977,39.645327931361855
5062,16.50113839275935,38.14604233854043
5063,16.627213902266845,40.35273617657655
5064,34.35460847968316,38.058640182939634
5065,14.758192289966908,41.267750322575594
5066,14.623811304816753,41.96143184652808
5067,11.274195241075418,42.417812505570666
5068,9.968583611069084,43.27405864635507
5069,10.283695812393756,44.10489906276654
5070,9.97715051726122,42.18983375831876
5071,9.39103470036496,43.593042045025435
5072,8.221897689366939,42.75872847888242
5073,8.864939312690574,44.817302274099916
5074,7.422825622801683,43.56314364975749
5075,7.102872369234797,43.574885822079025
5076,3.4845272016286146,42.97458854578714
5077,4.358235270994775,41.53186991314197
5078,3.508903808209168,43.050791760603204
5079,29.519492563913847,41.79485223849205
5080,19.028138762364186,38.03033540277544
5081,28.50271976424086,42.09100105920181
5082,17.225468489757656,37.64625419318143
5083,17.395653660801095,37.631158123996094
5084,15.280020667580105,37.16169986479686
5085,15.206555240482636,37.11468131887839
5086,13.390009142073623,37.433955151816754
5087,14.302123181129653,39.83091826015208
5088,12.623837147519751,37.511274622336295
5089,12.41666378008273,37.54930710023216
5090,10.55556587370793,37.55948131598938
5091,9.639758415076953,37.55496151869535
5092,9.153476404277113,37.65941622207035
5093,8.9575672876208,37.532889910594655
5094,8.508606118731583,39.20153029054773
5095,7.058332097368859,38.60141654098324
5096,6.7702647457460765,38.697307365681674
5097,6.4921545074362825,38.86872676128192
5098,3.9481890379820404,38.97492109839543
5099,5.016560724172869,38.37997494465111
5100,4.58463281388396,38.96257156710671
5101,4.491789158501203,39.12496660852594
5102,19.42208858836541,38.346275439978555
5103,29.467033644088257,41.90811188117662
5104,18.658582022126446,37.87948281841115
5105,29.54582762428053,41.83966395753625
5106,17.345234445477935,37.79349696914332
5107,18.38070311194034,37.77351440458891
5108,16.823418008009806,37.74044271803713
5109,15.18277094794259,37.2561291690589
5110,13.467577621694893,37.506729704511486
5111,14.082499494130515,38.10145681602208
5112,13.701206043899996,38.09241339237541
5113,12.412072059409697,37.542518978729525
5114,11.056899326812161,37.57151230002027
5115,9.362665323543759,37.67004871266232
5116,9.123967949704452,37.6749784057465
5117,8.716894897441579,38.02819255072887
5118,8.549175351899459,39.27444542044594
5119,7.807743039953837,37.52106592219896
5120,6.835234880487438,38.54520328989679
5121,6.217254046697831,38.83481183112034
5122,4.891223323056793,38.92679505790637
5123,6.0105388958987,39.427824728563394
5124,3.819270748814728,40.00094442249756
5125,4.413333035944239,39.0049250717305
5126,-15.734563971328035,-65.77667935133911
5127,-16.835236551894436,-63.50831876233152
5128,-16.667190965753413,-66.30444026262369
5129,-16.542147396916963,-65.20609798161796
5130,-17.145059233056614,-64.64438312342482
5131,-20.01924626813776,-62.75317870819698
5132,-20.45327977294403,-62.19833593125756
5133,-20.39517298753273,-59.542152486628524
5134,-21.650643482414253,-64.29973300416717
5135,-21.892178057767648,-62.851586426003095
5136,-22.5400394027934,-63.93816498051174
5137,-23.236473026518247,-63.95615394075123
5138,-24.852832218487517,-66.92609948676541
5139,-25.556472002143234,-69.77638921783108
5140,-28.184017781411903,-70.14471831457793
5141,-29.113192960633505,-67.17668450404348
5142,-25.953741465455654,-70.10839675096737
5143,-29.12225067290295,-73.12736975078221
5144,-25.889167883373368,-75.5248861011496
5145,-29.072365963231768,-73.16572667256528
5146,-29.219903585851604,-76.18118518952691
5147,-31.82302813439456,-75.95903737244346
5148,-28.611868200648065,-76.1236388509783
5149,-30.356917090141305,-77.30880885332978
5150,-31.31457113098319,-74.1391546079193
5151,-14.922087962288082,-64.5933590455954
5152,-16.233697999245933,-63.697517765386074
5153,-16.055729991864084,-65.09951544307998
5154,-17.92179529862596,-62.96577001453996
5155,-17.450333766769113,-64.0188189523627
5156,-17.560294049970118,-64.74330609575206
5157,-20.337951904699256,-62.50929215637302
5158,-20.849192210274424,-62.10553004845184
5159,-20.554760396863163,-68.93609310529068
5160,-20.820262526583537,-66.03034365858396
5161,-22.63857676518145,-63.961978910644895
5162,-24.068518210347033,-64.03384433171107
5163,-25.020092299665638,-66.8148286210203
5164,-29.18455353547499,-67.07927178192568
5165,-27.97726457742721,-68.59984341842008
5166,-26.27312434200617,-69.48033769350315
5167,-28.912898524865245,-66.65452149399786
5168,-26.845080448638374,-73.59339952739224
5169,-29.78833532699311,-72.81810593692386
5170,-27.084861479904127,-74.61315353623145
5171,-32.77535675222869,-75.70757305213777
5172,-27.776603089278357,-76.38019669193584
5173,-31.003931759657473,-73.91829847027968
5174,-29.835407833068615,-76.63215846936757
5175,-32.6130412028359,-75.32890881822433
5176,-15.06824637025931,-64.37888213051478
5177,-15.730886000545423,-62.993143081883744
5178,-16.325718819536053,-63.738412178413206
5179,-20.179724767195545,-58.551943229128035
5180,-17.691198986697195,-63.36306312846545
5181,-19.978999228006657,-68.68900466955097
5182,-20.186720855439283,-58.681779397670226
5183,-20.44750985162095,-62.32905871239249
5184,-20.288263246776257,-68.82496134489269
5185,-22.442316684811203,-63.724385305295804
5186,-22.48316481041503,-63.626225862202844
5187,-24.246185055311884,-64.08213180283454
5188,-22.62597716198942,-69.48134249961362
5189,-25.82924741265484,-67.12935587143262
5190,-25.501869559082607,-67.66015771237608
5191,-25.828026819564457,-70.02337209477074
5192,-27.133161607733445,-67.44940340671951
5193,-26.034643970511695,-74.86614766414033
5194,-27.029346519876235,-74.5691515962205
5195,-26.117198458829286,-75.48887548560572
5196,-31.093751443766525,-73.83633071129924
5197,-27.400741724631388,-76.50315942452964
5198,-27.579795933367585,-76.86869829930349
5199,-29.412251705977837,-76.80720817453074
5200,-28.943853911431326,-76.70394570612046
5201,-15.547258827884725,-63.78520964478666
5202,-17.328747344968733,-63.0173738164189
5203,-16.92071079603211,-63.86222428277016
5204,-16.91690209061226,-64.62569911483884
5205,-19.403390673883916,-61.961631741337115
5206,-18.32101070010284,-64.41405610329927
5207,-19.339766585687318,-62.15145967666404
5208,-19.354188844859916,-62.595534527211896
5209,-20.40809095516201,-59.05169542127118
5210,-21.882130636513704,-62.817123714927014
5211,-24.364165263556583,-64.05668040815726
5212,-24.182543065616823,-64.07411944183833
5213,-28.484727796888578,-66.60976065359374
5214,-28.585760214640953,-66.67763135226838
5215,-26.737526406965493,-67.62192190887671
5216,-24.855602714545803,-71.0356567748266
5217,-25.792399430720945,-70.47921460808224
5218,-26.80532345313727,-73.48582655614062
5219,-30.153446368044726,-72.91674724960907
5220,-29.344680603284843,-73.08995284614706
5221,-26.976205730220453,-76.76151508759484
5222,-26.777982676686342,-76.96235469828702
5223,-29.132831651309566,-76.88937278014652
5224,-27.80195776335919,-77.12588587935647
5225,-28.837036750723552,-76.49165090688861
5226,-15.87473506094457,-66.32276883101105
5227,-16.137894300348766,-66.35123325262616
5228,-15.455883075430819,-66.56062264947597
5229,-16.048136464735276,-66.73556253800247
5230,-19.922746636548748,-59.526013580123944
5231,-19.182110505799628,-63.693937451568274
5232,-21.354224693996947,-64.35332590011748
5233,-21.964155775509298,-66.80522799649744
5234,-21.80031329085593,-66.8954354787159
5235,-21.596858416658105,-69.18646356447806
5236,-21.67192465346581,-69.30578621841306
5237,-24.654916532746242,-66.92617256976726
5238,-29.104580572470493,-67.10318059076495
5239,-25.14358110284227,-70.2088428735483
5240,-27.441360006696744,-70.05603390860503
5241,-28.03839196042024,-70.62504193793602
5242,-28.01966781874835,-71.9789957179926
5243,-28.072341900060888,-72.3818367772329
5244,-28.110151082851974,-73.06752946241204
5245,-33.37757343445885,-75.91913409841196
5246,-29.83418878514656,-77.85453227299509
5247,-28.714290480860882,-77.78545509523767
5248,-34.41317856120887,-76.11655065628102
5249,-29.2949671553476,-78.076517420411
5250,-16.57678756211609,-67.24251753789618
5251,-15.389891532072655,-66.149653457568
5252,-16.725280083365668,-67.32685112415619
5253,-16.917748430955704,-67.41436659773035
5254,-15.249492415637267,-66.74179745063523
5255,-17.639973285637655,-66.88683848982747
5256,-20.133606008576713,-59.63680810156675
5257,-20.270916181794547,-58.871466396126976
5258,-22.502393038396846,-66.62245043492446
5259,-22.098613083077737,-66.75491456416134
5260,-23.8693429562478,-66.29649048686326
5261,-24.260072770899576,-66.77097450551828
5262,-22.319157104765765,-69.48590706146389
5263,-26.692579634913663,-68.98735656997927
5264,-27.929041668842686,-71.31418296807735
5265,-28.378796380515986,-68.36559046732799
5266,-27.610428947871238,-70.07806096199363
5267,-28.510133620476047,-71.53477013278305
5268,-28.73241260010553,-71.69205208549721
5269,-28.057795455297608,-72.49832919636825
5270,-31.89785060779778,-75.70346481887681
5271,-32.03254560058794,-75.89121790271301
5272,-27.474113648008245,-77.2019205507518
5273,-32.129020506746706,-75.94551399263611
5274,-29.739743649517102,-78.08932151723137
5275,-3.7635943678515216,-60.16435001437352
5276,-4.315408003559785,-61.09524699225547
5277,-3.4267462340773736,-59.81193895087076
5278,-4.2914904646532515,-60.86779475632635
5279,-5.7009334356343055,-59.55112483800046
5280,-10.589092409833368,-51.57810082050584
5281,-7.919606326181361,-52.42353373816891
5282,-1.17465844211791,-54.799035797916346
5283,-11.568880251825659,-51.04484159002841
5284,-12.18665233118728,-49.41071596791452
5285,-15.691817537213337,-47.78448446532488
5286,-15.58988888483066,-47.855813866359995
5287,-8.954207594058431,-49.46202243000313
5288,-12.961323182806309,-48.735193470370305
5289,-8.282705148365014,-48.52012115680978
5290,-7.224305711222292,-48.90255419992593
5291,-1.8823086460324352,-44.66709450860624
5292,-13.022127387875917,-48.58317327750332
5293,-15.15378002847402,-48.3589361284051
5294,-10.627460151582108,-47.748720934695044
5295,-11.59322814749121,-48.24603950819491
5296,-11.425976410275574,-48.189266363049306
5297,-3.6404708528576943,-43.841796619045695
5298,-6.284044494383107,-44.67338735456727
5299,-2.008861957389181,-60.127598274738936
5300,-3.667366291661775,-60.550576070676776
5301,-3.042011415203321,-59.28617590894537
5302,-2.559400428963636,-58.69789474572495
5303,-1.23501841879052,-57.417137251599286
5304,-3.683418643967264,-57.686998494061896
5305,-1.0011242420615285,-56.37180170176553
5306,-0.016496312181309553,-55.607131704345115
5307,-7.9553026658729395,-51.4355363817715
5308,-1.9338071552982092,-53.746758550959534
5309,-2.35556770706038,-53.16077966499886
5310,-8.162200370469815,-50.76550968805355
5311,-2.406428917958809,-52.063158603855165
5312,-9.293597919199174,-49.716164966089586
5313,-7.659266146393635,-49.170929413783114
5314,-2.3293892155413505,-48.32070742533816
5315,-10.661488400272198,-47.511844229891516
5316,-1.4630299816617702,-45.847056083028725
5317,-5.172800165542143,-47.09496065667486
5318,-5.087141832983915,-46.44304955016938
5319,-7.221970828801758,-45.04901979764392
5320,-6.707768434900704,-44.66782356964993
5321,-3.8534540132895874,-44.197291649787154
5322,-4.058850874350356,-44.326312068482856
5323,-1.9992676904046263,-60.14479826543354
5324,-2.2563642125235903,-60.47790285315496
5325,-1.8083393821848244,-60.25830774002558
5326,-4.73572211931198,-59.97758396966322
5327,-1.153976338688025,-57.53184852109331
5328,-2.9998173445215937,-57.921726819344265
5329,-0.5913336093535204,-55.30608277632827
5330,-0.0886654792827499,-55.53715678280944
5331,-2.0181074962665195,-54.06442355518979
5332,-1.541101451214083,-53.82103681992438
5333,-1.0639378389528489,-53.445659744993044
5334,-1.5958266701560058,-52.926624447982995
5335,-8.11078757561493,-50.2127035998549
5336,-10.028385197187298,-49.674864234214155
5337,-8.934889219286418,-49.33719282638156
5338,-2.3975809367231,-48.79463867100854
5339,-8.078708458919182,-46.496494443361904
5340,-1.4779749599573115,-45.82791617135754
5341,-5.8413181355615444,-47.682595706701534
5342,-3.8430412349350735,-46.216300534570294
5343,-3.6203331438869983,-45.630382744241004
5344,-3.919499450002199,-43.88550014144448
5345,-6.045775394105382,-44.585071033665685
5346,-5.3379341788325565,-44.54267064959984
5347,-15.88239756454267,-47.615139187041045
5348,-4.467678914137919,-61.27872508551618
5349,-3.7317935624317893,-59.33534999417272
5350,-4.196057166422369,-60.732425289878755
5351,-3.1073047413347274,-58.374896013903864
5352,-3.2149879419859557,-57.683209737321725
5353,-11.353898354491236,-51.14505022791727
5354,-1.7882957471171284,-54.58045115414917
5355,-6.15673519333956,-52.515392459002285
5356,-5.889677790621525,-52.585945696114294
5357,-7.678858178068523,-51.65657866466521
5358,-12.187869187898379,-50.61976228899828
5359,-1.1501098392017106,-52.62503849038227
5360,-10.91864205396361,-49.54365729561639
5361,-14.680875314543732,-48.3056047373097
5362,-2.5288657878933742,-49.070206196698535
5363,-10.718742344982687,-47.38180321362304
5364,-1.5015536909942042,-45.49774810902615
5365,-9.435686578340468,-47.56261849609705
5366,-7.927369068917093,-46.05188995660936
5367,-13.742681768110605,-48.407918727721416
5368,-6.572750141861667,-44.612431881220104
5369,-13.25384813260047,-48.455256251901744
5370,-5.268737600194894,-60.247258597109756
5371,-0.6574568011650035,-59.722645844195995
5372,-1.4479618848177922,-59.311002864820054
5373,-5.563231967342338,-59.74265936529003
5374,-0.3903099080519773,-57.06531767397135
5375,-1.927266546703867,-56.921042263896474
5376,-0.19755374322991234,-56.65582541332714
5377,-2.44120795586473,-55.991687548555
5378,-7.411895186803825,-51.92118635709729
5379,-3.4052287998884516,-54.323222272678656
5380,-3.0590429826936734,-52.38373979979
5381,-3.351720621419738,-52.35927181669929
5382,-8.647867329599029,-50.12121986635692
5383,-2.1171175984844806,-49.86038883017648
5384,-7.39089114816326,-48.40176919451619
5385,-2.024426579504845,-49.35123465661084
5386,-1.585721950480832,-45.12193997279502
5387,-2.641917606070537,-47.82544408812625
5388,-4.387966151553099,-46.74318791704468
5389,-4.466758673728726,-46.4507127924804
5390,-4.819607481137726,-46.336126193227955
5391,-4.363230208095501,-45.40913457695507
5392,-4.5952945163148815,-44.41683287699897
5393,-5.295273773537085,-45.61764507758706
5394,-5.77861528399241,-60.06287411038561
5395,-0.4654570920587095,-59.487079746155686
5396,-1.707739291723164,-59.932119306030536
5397,-1.3688565054115982,-57.89074628502971
5398,-0.23044657109288177,-58.70010617810136
5399,-1.6072108794471374,-57.00969214283062
5400,-2.0967889852798294,-56.370754074318796
5401,-1.4262514117042495,-55.97843795373673
5402,-3.1457690358445527,-53.10559261957158
5403,-1.739612105195216,-55.302004340924135
5404,-3.6110582999351744,-52.387448254420306
5405,-2.494258733182006,-52.46579820828256
5406,-3.009979713113833,-51.538625175595854
5407,-1.9360609799694373,-49.696285840492315
5408,-2.7315615158639686,-49.542632923673814
5409,-2.160281658930362,-49.296904316471405
5410,-8.059725292738568,-47.9670380020739
5411,-6.1463878108093875,-48.02900627338599
5412,-2.8871416896063544,-47.43130362428328
5413,-4.261817838014392,-46.281238123194825
5414,-3.574530020973487,-45.822016520366674
5415,-4.254740457612487,-45.70546747604281
5416,-6.79394497918159,-44.534082400971535
5417,-5.01406387883639,-45.509892087002854
5418,96.2457604422729,-0.19763854940407222
5419,93.47298862439308,-3.2336711159837876
5420,95.22260983929388,-1.6625195806661122
5421,96.05761679504212,0.09956096996499904
5422,95.05788331912085,-1.5603813474890897
5423,91.45673962657936,-3.3070249618038496
5424,95.27369708640002,0.37878151351920153
5425,94.34120353601068,0.6059233712569178
5426,93.75490079972538,0.944318002792145
5427,91.47480213093134,0.8679643487844417
5428,90.59021237961315,2.42559497516412
5429,88.06175707958644,2.7515889396346838
5430,90.10390683490441,9.412464016134685
5431,91.07788340287578,11.856857462095554
5432,90.09736944185492,9.284116550655378
5433,89.92968745469209,9.58400529165195
5434,88.17810651788763,6.549208158730806
5435,85.25132714452569,6.378787969256763
5436,83.91179941422922,6.537281747954028
5437,88.99778704453959,10.28374247678373
5438,87.415588974705,10.310558358902977
5439,88.38112425118562,11.292034960583317
5440,87.63786536446453,10.516598959285645
5441,94.66402949488635,-2.3764520713700494
5442,93.7725998476301,-3.2585741389718073
5443,94.88044830689917,-3.7129373916008093
5444,95.83494405506538,-0.8419591837020864
5445,91.12817236451697,-2.5950353439116416
5446,91.1464044580006,-2.7254727144597446
5447,92.23974737087222,-1.4117823021593994
5448,91.27692914355288,0.25128493902766763
5449,95.65670353771698,0.4833507575862961
5450,89.27886717585751,1.4862456120472178
5451,87.41181175624193,0.7493833593171074
5452,90.57629372083437,2.7724561473112352
5453,88.02735691315691,2.9005233356065583
5454,91.07268140345606,11.888212678879764
5455,89.09836407556358,4.668550009401231
5456,85.77561381888914,4.980395289785787
5457,87.09389180802737,7.935592229995374
5458,86.30079494862292,7.636513981119926
5459,83.74142076965573,6.422394607865801
5460,82.5101807211727,6.4245002930142485
5461,86.26866829293857,10.294518871079026
5462,86.41794575041123,10.323474984988406
5463,87.3461225021681,9.796600358402717
5464,94.80037097639239,-4.251494428411216
5465,93.50777106843607,-3.5918446689496135
5466,93.26512723428095,-4.879658592323038
5467,94.90757090159885,-3.450056702088828
5468,94.43190813657161,-0.9645125147459437
5469,91.78473736775035,-1.985813366235191
5470,91.16239369053314,-2.6969634532797215
5471,89.28167034963131,-1.9707475235428806
5472,88.66887569622325,-1.1380130972942923
5473,88.37759603550106,-1.0430974911662558
5474,90.64729787011913,2.11142845108457
5475,91.5399296795849,12.814380824611302
5476,88.36220045742773,2.141089502743321
5477,88.91145373111033,4.014734559815745
5478,90.20601043383127,9.832171915082963
5479,88.78424637914537,4.6297785288522375
5480,88.76417986920349,8.168285980859627
5481,85.13334679154129,6.8027197936388
5482,84.96268033785104,7.3346710768579
5483,86.19726272610025,6.7987745704061835
5484,87.53582601180317,6.804058794735871
5485,83.1983699079593,7.140097493010715
5486,83.23789606474435,8.298056790231962
5487,87.30527725340767,9.87153249917847
5488,95.04829545978694,-3.994486660255344
5489,95.87316550259622,-1.0127330751478891
5490,96.46543624320783,-0.10154683068449359
5491,93.96609199397064,-3.6065940326155452
5492,89.69460056877217,-4.095609045097172
5493,91.29696584124481,-3.7846426479812485
5494,89.01939972756023,-3.820225032869733
5495,94.63632870500959,-0.4272528204130766
5496,89.31366536050088,-1.647941635925939
5497,94.72181191268656,0.8537232141211742
5498,90.77687332742829,2.0697559117458733
5499,89.65679014367412,2.8462550122407038
5500,88.19812232620914,2.003748350181243
5501,87.87763337870051,3.6856284770878958
5502,91.33157280879198,12.40875979450717
5503,86.78610698587568,4.622302621893
5504,86.64068950904016,4.966605425756006
5505,87.21545273831704,6.41100050270383
5506,86.0867261331454,7.654817866051331
5507,86.21198491736227,6.632872902777252
5508,87.22529087682636,7.107444292443827
5509,83.88370324412645,8.698853496245226
5510,83.82005419800318,8.747640984450753
5511,88.23187544785108,11.241447659327765
5512,94.70762148423941,-4.3490216317792205
5513,93.63029092892947,-4.531892550994063
5514,89.97230410521578,-4.291618427552265
5515,90.49445267992984,-4.62840630186787
5516,89.98843394798071,-3.8798845886175277
5517,91.54653007218317,-1.9632125679377794
5518,91.22516965199385,-1.8808453604091397
5519,91.92771821795372,-1.4912861295917101
5520,88.65727298915535,-2.722498131030576
5521,90.92694029223196,1.8552938357699167
5522,89.91496676364783,1.5695623425907785
5523,87.9441651908751,2.524959800216664
5524,86.09625961087673,1.6749137393130575
5525,87.69889058253517,3.161299447720733
5526,91.24787185847775,12.233391490303143
5527,85.44518369283102,3.6211662179357136
5528,85.88347541918317,4.526473805151005
5529,86.41285440106965,7.976882964824075
5530,85.65477086412959,8.185663299102135
5531,87.42201329010128,8.486523002134273
5532,86.12936747245602,6.4295239875513115
5533,83.48313852743765,7.4236475090656535
5534,83.01346505511734,7.379842269852048
5535,85.64383382260213,10.10002227558807
5536,93.83425989861281,-3.107811761422846
5537,90.31422440366507,-4.696449149894341
5538,94.49612485809071,-4.787344498789811
5539,93.1670736198937,-2.946622588630502
5540,89.67200952154693,-4.153351439721023
5541,90.11674294380015,-3.0931005878927853
5542,88.67966189677566,-3.6053745749054675
5543,90.18520951185128,-2.065295607860959
5544,88.951857645073,-2.3385743948530093
5545,88.21983327534494,-0.034822032344183754
5546,88.36902143201735,-0.9989435057860784
5547,87.13925325522712,0.8792258284266066
5548,85.9225021328127,2.2544400947744694
5549,85.59266612547411,2.3318999679300494
5550,85.63864563557962,2.9122364828392895
5551,85.28184155217095,3.5506982262859434
5552,85.09117447842064,3.874109007173709
5553,84.19957104801681,4.973827180102561
5554,83.74629187080805,5.865193336312388
5555,87.80550575325407,8.815823412185107
5556,82.67020300778779,6.546058444707243
5557,83.1399172138645,6.951301684193828
5558,82.93668336825536,7.489193752226445
5559,83.7728584063597,8.81732290832536
5560,-26.46912660803941,66.77549576786842
5561,-26.351087076579734,68.67765964144242
5562,-26.821306849661372,67.19289477736005
5563,-27.876834363298023,65.57535318157663
5564,-29.285738470450145,75.61612608280161
5565,-28.31051641546224,69.49775705034338
5566,-29.619681132690342,75.96589106269226
5567,-29.61739455728707,75.8910691896988
5568,-29.84115213871575,76.45154544793421
5569,-29.816707191588844,75.88890656957213
5570,-30.48594806243026,70.11377932566273
5571,-32.34417018577931,67.12101210624672
5572,-30.303546862659733,76.76095180715049
5573,-32.55564099723155,68.67832947037988
5574,-31.088845395872728,76.17716561065286
5575,-31.831333053981787,75.6545545614315
5576,-43.79169188343983,70.95599739504743
5577,-35.55559203642243,71.72308902172384
5578,-34.83612877910422,73.25480692017591
5579,-35.771416986829394,72.20910307511652
5580,-33.712181890893305,74.83899324749527
5581,-35.031876212856154,73.58709023139558
5582,-40.1169339510419,70.48299053747569
5583,-42.93385313207997,69.56224619694414
5584,-33.82317774235814,75.35043814000991
5585,-41.690551417643064,70.94810466969
5586,-43.5305175783892,70.44950878218899
5587,-26.23919749046355,67.5689457658914
5588,-27.206860671440868,65.41785082246406
5589,-26.831025864069026,67.47716770996658
5590,-27.570228009082573,66.99679988669187
5591,-28.4590007186686,66.1637327859766
5592,-28.113138280423517,67.65912094010224
5593,-29.83340089671488,66.0885596288173
5594,-29.20759439487526,68.44758352695563
5595,-30.781513898914493,67.87512734227204
5596,-30.954566656175516,66.43501200275433
5597,-30.273137094425582,72.31898102327862
5598,-31.654111306252663,68.26607804301443
5599,-32.61839911777952,67.19921240622494
5600,-30.37681073241367,75.59096362868131
5601,-31.750764708036378,75.65373100079653
5602,-37.06846923961602,66.8682040451897
5603,-43.981329944316585,71.02107267503361
5604,-36.86755923510757,70.08755678031736
5605,-38.384153749569926,69.0777679398393
5606,-35.69198228451112,74.18926112617312
5607,-34.848801310194276,73.71377818038768
5608,-36.105862255625674,74.59162391304888
5609,-42.716173397988655,69.65809020843348
5610,-36.91675824634282,73.86050435825392
5611,-37.06486735376453,72.92099384893585
5612,-38.41753825164159,73.53332727873236
5613,-43.313995696102786,70.78656738271465
5614,-42.613718542637486,71.7845789348324
5615,-26.302468166697395,68.92023187818306
5616,-27.406556067549047,65.29753486933632
5617,-26.316274563758153,66.65353691703018
5618,-28.573386295825134,64.22745080307976
5619,-27.766575274063598,67.6113305924152
5620,-29.55431458016877,76.10188806367754
5621,-29.268968685306056,66.08729052688022
5622,-29.838939436121883,72.00779019902426
5623,-30.334607458832643,66.28156004494467
5624,-31.292959099221704,67.52881416442892
5625,-31.28308498130325,68.27069020839724
5626,-31.835514213055788,69.13753816812716
5627,-31.834189219063507,70.85445804897046
5628,-31.13854413999951,72.98768202786985
5629,-33.04039692066852,67.08963207701927
5630,-35.81811521999473,68.65663872574407
5631,-44.20356287307344,71.12546958358544
5632,-35.74846969501367,69.00241200931431
5633,-38.44273671029446,69.03136141010927
5634,-33.76518711783402,74.6837960219667
5635,-34.59200644202597,74.08589906511686
5636,-36.75776950825384,72.19172084071332
5637,-33.070837521658845,75.82074962687143
5638,-37.20026229589071,74.51200689115386
5639,-43.38064572069943,69.77502541255983
5640,-42.90937390673291,72.0573373209451
5641,-43.51716202772621,70.5650832907333
5642,-26.9947895037067,65.18305196948813
5643,-26.360239690361418,67.5217746620586
5644,-27.57801724937229,65.49672776313832
5645,-27.63448776968526,66.7951195126979
5646,-28.021204285613603,67.43649113270979
5647,-28.29827062567173,68.22766873778583
5648,-28.83129511605122,69.93940200355743
5649,-30.016698571751874,66.17037530951623
5650,-29.449666054581833,68.59617800980224
5651,-30.26367131427096,72.42518339998722
5652,-31.825432496192327,67.76174974389347
5653,-30.578250796984015,76.11524690858343
5654,-32.478201242004566,68.04294807275342
5655,-32.441497262553696,69.04088222223626
5656,-33.00520282025556,68.08718514192884
5657,-35.62945864799778,71.16118796426171
5658,-42.81259942028002,72.10708831485192
5659,-35.5665643683896,71.6196352739669
5660,-36.717864176931315,70.51833880367701
5661,-38.365806262569976,69.37947595037942
5662,-35.34161763074537,73.04544186657459
5663,-38.98375177858412,69.26448231255125
5664,-36.38719883787378,74.7451358692219
5665,-36.630301430665575,74.78757617784743
5666,-42.65021333299557,70.16176001023955
5667,-42.18955469265375,70.02982824770376
5668,-43.64778607052923,70.74144129292877
5669,-42.25781488357409,71.14905578825389
5670,-29.113764008090847,60.951094022016306
5671,-26.98186109995694,64.24018799104132
5672,-28.66990363502681,62.3484349241088
5673,-28.716773072012145,62.43271011642509
5674,-28.128893252190295,62.91935371265069
5675,-30.73237083384351,62.00151929991313
5676,-30.420860050245945,63.76358567424261
5677,-30.881678252259,62.798768273098545
5678,-31.6285625541701,62.21106760699115
5679,-31.98247720707828,62.689473941257056
5680,-30.388459793700985,77.2879377725099
5681,-35.748048282010544,67.0686250803042
5682,-33.447876577085935,63.80252090825873
5683,-36.66884848740677,66.66068911241739
5684,-33.11884877581994,73.39392769365858
5685,-37.847080194026454,66.95427178281766
5686,-44.100124629415355,69.121722721862
5687,-38.454295718050346,66.97675866610048
5688,-38.60357818433207,66.95664711737328
5689,-38.58359260687449,67.14518147129168
5690,-38.31483076912452,72.15390723997422
5691,-39.683295126965625,67.48823779363231
5692,-40.097813906630336,67.14286239901172
5693,-40.778682211991914,69.41448026874109
5694,-37.72759721449144,74.84729577384955
5695,-41.38618153247265,69.66734252108209
5696,-41.279455149884896,70.8665960501671
5697,-37.64951698563971,74.99392999600319
5698,-29.11091347040592,61.05552519025756
5699,-29.228355293601478,61.83224717923173
5700,-28.92490111734216,61.973627464086924
5701,-28.88144904071533,62.1482425853185
5702,-29.352409057792364,62.92373168289697
5703,-29.877806231167117,62.49152765805911
5704,-30.187534622864163,62.57691180244725
5705,-30.090675372520543,62.76228274017176
5706,-31.889593118481805,62.45959069633571
5707,-31.9957133208136,62.61912769968825
5708,-33.62752257427766,63.912843313127766
5709,-33.20836722399258,63.67045587343944
5710,-35.96413765210627,66.89667972924632
5711,-36.18171684946474,67.87128081848155
5712,-36.755194357617356,67.60225724806931
5713,-36.02110310134362,68.39417577046703
5714,-44.11173772725252,69.09412201720596
5715,-36.21137679987204,68.14506725274971
5716,-39.11784069917246,67.05003946801315
5717,-38.47728844267638,71.8466709105747
5718,-39.75649788768936,67.31206433318451
5719,-39.27375754943369,71.39996628188347
5720,-37.85213104216485,74.4447224696905
5721,-38.75184914307867,72.56280268626104
5722,-41.30399551790046,69.89838565420277
5723,-37.6034727690104,74.955162560914
5724,-41.48985517382559,70.97072445876813
5725,-18.66274979813263,-54.65868806722497
5726,-1.928309336138573,-70.17602542996171
5727,-18.667601288877552,-54.53858051726265
5728,-19.377461796753817,-58.16900290446423
5729,-8.609803918063472,-70.4328518752243
5730,-6.181565465858445,-71.25598380363319
5731,-7.719337598286251,-71.57074757622614
5732,-6.103073986918566,-74.6201797072102
5733,-3.4733316784982002,-75.44148261665661
5734,-8.12600887433741,-72.7268087889645
5735,-18.452090912992386,-55.35833538444843
5736,-8.348353792112952,-78.60888653640177
5737,-8.339658416577366,-78.58237505449944
5738,-8.42483064612253,-78.67036682403442
5739,-10.835518978401504,-80.9189310344665
5740,-11.545015705522825,-79.1432671859435
5741,-12.550776804564093,-79.39897591383833
5742,-13.037776788966234,-80.6856839546572
5743,-14.263695253184794,-81.22185159582531
5744,-14.05026228363466,-81.81353246736782
5745,-21.9957356263939,-80.7877212685841
5746,-31.557792231622436,-66.5145715294855
5747,-20.03795026487134,-80.66756857493048
5748,-21.510600596815465,-82.01321222837474
5749,-20.0154589425561,-80.66814302057911
5750,-6.594170679841098,-68.58974189577607
5751,-9.127620467742105,-68.29296968091309
5752,-1.63303082039051,-70.01585374256929
5753,-5.818215467577878,-70.4470581494534
5754,-18.637033616062244,-54.81195903465226
5755,-3.3839857379300575,-72.0469599544117
5756,-7.72042757076237,-71.55180583112163
5757,-6.981384295934273,-72.15474429481426
5758,-3.5793331758226805,-75.37356858859218
5759,-7.79183272391702,-73.06860726205129
5760,-7.456340723706854,-75.97443019600463
5761,-9.586300501258666,-79.303600229302
5762,-10.17550262747888,-78.26060669157805
5763,-8.63275353211036,-77.30269922096323
5764,-10.983577782124259,-80.90778568091447
5765,-10.941270260701218,-83.19119886274028
5766,-11.94667193825555,-81.12181038195443
5767,-12.780313493002204,-79.356413207909
5768,-16.146519432908025,-82.94688033623285
5769,-16.218122970885407,-83.16019738604868
5770,-18.019298923901133,-83.21672963755049
5771,-22.067874127246625,-80.77408292114944
5772,-18.40737886420273,-83.72069740224447
5773,-21.449649330826304,-82.0090204067813
5774,-20.626219080015826,-83.28242764345872
5775,-5.82053986290367,-69.05098205242942
5776,-2.1601195907449107,-70.31302531506697
5777,-8.980416563580393,-68.45116561301886
5778,-2.859810786043952,-71.2781373630354
5779,-5.373022694623996,-69.69649489929353
5780,-4.748287241923049,-71.7448606582408
5781,-8.655509188653468,-70.52721980825461
5782,-6.752288568647308,-72.25656598173872
5783,-7.251735518231407,-73.19627720622675
5784,-7.262655870026651,-75.66662709238905
5785,-7.3368528151269325,-75.89408624810345
5786,-9.439963000909199,-81.15408027453198
5787,-9.902577770276368,-79.59163656615661
5788,-10.648320131862112,-78.36736741247451
5789,-10.280972243820532,-80.45371278475031
5790,-11.341121673254902,-80.99046965896157
5791,-11.300331739904975,-82.75042730126859
5792,-13.6813146178332,-79.38092011683084
5793,-16.16014686620376,-83.09627119169552
5794,-18.138397755982776,-82.41598691722648
5795,-17.713313744449888,-83.36268085337218
5796,-17.91535338085561,-83.54956028684899
5797,-18.112116359502902,-84.40449099597359
5798,-18.033824287243768,-84.91846957578996
5799,-18.6123750860127,-83.88444648840238
5800,-6.0023702302773145,-68.96924145024772
5801,-2.3620766831750135,-70.251098674223
5802,-7.0176887512577,-68.51800734499145
5803,-3.3494680252970066,-71.29622404081789
5804,-18.557839865532962,-55.275240489330734
5805,-3.4706404786105503,-71.95181066623675
5806,-7.563784688272512,-71.64682431405508
5807,-7.453734327898838,-72.23845374305213
5808,-3.3622220144760577,-75.11030543296667
5809,-6.983415114447831,-75.39202691293791
5810,-7.806429233080776,-73.6775293426057
5811,-8.351240459424176,-77.20963584598137
5812,-9.22149059990791,-78.76030009022483
5813,-10.082940908935589,-80.82367125301795
5814,-12.039360489947514,-78.83152321415082
5815,-11.124065916192743,-82.67544923281184
5816,-11.942691484409147,-81.16870519947695
5817,-13.129407866389883,-79.44667852744166
5818,-13.85768753025396,-81.62348199689173
5819,-17.158871438407367,-83.33741503682475
5820,-17.225062111804476,-83.46935726748544
5821,-20.039754694034706,-83.19031283045331
5822,-18.92610623077474,-83.41646071350677
5823,-19.1990551760285,-83.5853021236017
5824,-20.760501605863436,-83.26725596657441
5825,-2.1333044265779533,-70.25513401583623
5826,-7.431456259244576,-70.04621770249442
5827,-2.6688362895497657,-71.23970839575932
5828,-2.1839327524310557,-71.75105136222021
5829,-5.936545671563452,-70.74916066753259
5830,-3.0518820124508084,-73.87728268258381
5831,-3.197886862944396,-73.9420447297139
5832,-4.759109868358653,-73.90675459950698
5833,-3.330340995105462,-75.51359831451357
5834,-6.925863969690077,-75.27555247959314
5835,-6.368076386621624,-75.77233072981493
5836,-8.98260487814249,-79.67884127565964
5837,-8.751661340917176,-83.99955913398635
5838,-8.95503715726807,-79.84503523069446
5839,-10.595154732736361,-83.06176921132268
5840,-10.777589123805402,-83.41034221658666
5841,-11.151082815771534,-83.89948932616143
5842,-13.528831452634902,-84.19627659527785
5843,-13.833770183178004,-82.58888969785066
5844,-15.212759242930641,-84.82084632020306
5845,-15.296463739394929,-85.04571028628725
5846,-16.21486223450779,-85.1413847012158
5847,-17.166601310761177,-84.94768499357079
5848,-17.08531297430151,-85.12403799887329
5849,-17.16897086503274,-85.43230487408006
5850,-1.9475744700976756,-70.23626248211232
5851,-9.224726799031401,-68.20334354402225
5852,-1.9708315586036325,-71.78533161165807
5853,-2.037241218255088,-71.97756732722767
5854,-7.404148957746739,-70.564966931427
5855,-1.903058109103239,-72.59160372341974
5856,-3.1840260905083384,-74.70310109426069
5857,-3.5148762829717564,-74.7778179580515
5858,-3.3385687337450363,-75.41658791175394
5859,-3.6488236923389503,-75.9244052554425
5860,-3.658358372911589,-75.98051510945226
5861,-8.246890242134171,-78.89846691271856
5862,-8.75302336461355,-83.9992232960848
5863,-7.905691460284133,-78.68580799830673
5864,-10.551303835508545,-83.43349634433638
5865,-10.736499615542682,-83.3641250397804
5866,-14.212965709506035,-81.09018832733965
5867,-13.53856234348111,-84.21681894589362
5868,-11.642474864607312,-84.31568983458135
5869,-15.213819327898214,-84.90342751811228
5870,-14.367817079444322,-81.89791013797665
5871,-15.55838252103333,-85.10044599676523
5872,-16.90263001753795,-85.07505440867777
5873,-16.634641403190393,-86.2362708839126
5874,-16.666786892621687,-86.28868924064736
